1
0.3 0.2
39 20 2

20
-1.682480182352917 -0.10700628697832006 0.7076193239679635 -2.9888847240445577 1.7866255751559947 2.4896253753980906 -0.4149522384655567 1.0093078023920499 1.4328912469184518 -2.2392164996801633 -0.9210430524103397 1.5298727873920368 1.8840712514587357 0.5582690789400024 -0.5020792216463899 -0.07210825461542268 -1.1119627193645942 1.8211848793142593 0.09431617995364737 -3.4754600899207078 -2.118310778126393 0.021080045893219792 -0.5292357668573486 -1.6309344783338104 1.611113245042785 -4.45164526557839 4.2552642320687175 1.8676395247006188 -1.3196703879888634 2.4799044810717867 -2.6672586668214717 0.14598567055890035 -0.8603234161225893 -3.9230388539356635 -1.2981274510089875 1.0006029034183623 1.5946423372923773 2.700303565280713 -0.05380499283472634 0.5313109630162207
-0.005130597079141098 0.1979636172487879 -0.6795722735390578 -0.29306563571347505 -0.20093598263045265 0.8872343530730158 0.07195739740133379 -0.4329977321885619 -0.6095919955528444 0.139697323969546 -0.4107747239771657 -0.6665691502140373 0.4667725752498165 0.0561346663641077 0.25964847181899425 0.5519927831403901 -0.041512850782268594 0.5155093685856126 -0.6974755998287013 -0.31101160167054515 -0.04419376692995919 -0.7281102728954988 0.12979761628576966 0.040812065841630545 -0.026751583229200314 -0.052174638570818804 -0.2419413171959447 -0.3208839303963432 -0.022479423549551354 -1.1627403520710364 -0.543992918118717 -0.4699878893171151 -0.0501060762927209 0.44252918604645014 0.4763137521323232 0.3820772835643386 0.21050541389218613 0.41921397042063163 -0.045556511720625595 0.3033625414545123
-0.834442277982051 -1.6620331338923724 0.7523417140557697 1.042418292999192 -0.02474542580778875 0.36248023730186224 -0.26155791922007454 0.28165685773999527 -0.4401376071101087 -0.06602903969279778 -0.22189328187719712 -0.007759060933019474 0.2958148551037358 0.3239554034727531 -0.3587343022374921 0.5692979233005226 -0.5835611826893677 -0.2424794441845108 0.21829456696353616 0.4678056368955949 -0.5018969624827567 0.3269537922512531 -0.22889754403251258 -0.49277272104819736 -0.21690683593497484 0.07294447773749303 -0.8130889906602615 -0.6196780926329409 0.3047443081802052 1.298957384993516 -0.05877300553707515 -0.6867200296247657 1.5824237291134844 0.7122113940456661 -1.30458367177214 -0.5949395102086219 -0.05026735133353009 -1.1900205205122505 -0.29352294745093893 -0.13939859990846615
0.8804775694922178 0.9609951214092027 1.3880787677316484 1.3902595432445344 0.9279725264759968 -2.7482563262237276 -1.0326056477487142 -1.3689866471317893 -0.9679439546077884 0.35016576052376674 0.22352548610845363 -0.6337388963397244 -0.7082461993181014 -0.42321119845973315 1.9496162170383668 -1.6782789209402031 2.134198280058082 0.9208024747136189 -0.3173301306912709 -1.3159226971769649 -0.270129005573656 -0.057121878174705105 -0.6270433738904111 -0.9643254798499401 -0.4784798619703786 -0.28152147356468743 1.6716042079369318 0.6326594286952616 0.6811919611861987 0.6799908791944383 1.5632863811808833 -3.36481741396765 0.26004496405837635 -0.4458208622153271 -0.6880263417841056 -1.786766061250805 -0.48157347818315865 -1.7577108693951293 -0.7814952946497448 -0.8232546978730589
-0.03025851095003779 0.07328399547514543 -0.33589251632189315 -0.2718904278618377 -0.1566816525941342 0.12050027629655492 -0.01582163658417577 -0.2750708389947137 -0.20031367182363294 0.056697006877455096 -0.3391522320363252 -0.24964116321697866 0.13261827617360905 0.05430314778929057 -0.023128176354752797 0.3850063738829758 0.0380992587867197 0.1307109611549942 -0.4377154338869255 -0.16509663947310368 -0.08208056925758275 -0.3791033625762685 0.04625086592295738 0.005970925168101797 0.03554427176376024 -0.053430269828249444 -0.21449453518657524 -0.0688582576644004 -0.15100143302832478 -0.6350726513467161 -0.3708262809911228 -0.16171975372699768 0.09427694845871924 0.07420871028078516 0.1180975152968577 0.21134619042608527 0.20267544503528995 0.13654127429918297 0.04052559587514122 0.19914188487522275
-0.3545157561588181 -0.26203370864384873 0.05287865243633841 0.06728841080225051 0.033167923478887223 -0.18760999282824464 -0.10096815258827084 -0.10216876445678313 -0.14901065097645416 0.07717451787847887 0.05399557179049758 -0.14776096554577586 -0.19266647842733195 -0.1394409163346419 0.1766427962723318 -0.14871799988612927 0.14714694005482878 0.08403431664298981 -0.07537283794562069 -0.5150716858063706 -8.912692738370199E-4 -0.2432926753055941 -0.051021008618352806 -0.0033522685775228787 -0.28414084517803057 -0.10017732231748884 -0.12647926938313153 -0.0609380111465186 -0.09073191266375515 -0.19530302182776788 -0.2674146201465285 -0.6051078134265739 -0.11204601144733109 -0.036863353464717995 -0.07753101816198671 -0.3328373160577963 -0.19435581333430346 -0.2508469248358658 -0.4160243576841581 -0.21726310101859228
-0.6160803207619274 -1.9861824548685487 0.43122387065913265 -0.014617627603849142 -0.8083716225708395 -0.5944435764843999 0.2793067500730008 0.22881028761350872 -0.11338362530844066 -0.42621284484305094 -0.0019213234821276169 -0.9079642493922304 0.8590693802281902 0.4817170365797182 -0.38348779121310794 0.2831089029836084 -0.8296432650532821 -0.5843156262992892 -0.36489276766418904 1.1395951845531165 0.13818098252971653 -0.5257765063690235 -0.13852160486087461 -0.11412964614957126 0.4573419202212737 0.9816292933049839 -0.530728749768917 0.18878181790375317 -0.1536236818988691 -0.48873914232582527 0.10553776609223936 -0.8605887977487384 -0.0835634803161694 0.5636956338200158 -1.1318327433260258 -0.2445977777693151 0.1325397679185613 -1.3276715002707729 -0.47007342725225726 0.00410761092570766
-0.24390168518409916 -0.37823424541347694 -0.24701138308653922 -0.13005616494510322 -0.2036054516934534 -0.15647285674836595 -8.183543317149383E-4 -0.12219506804598163 -0.17767823640619118 0.060871865735247076 -0.06728293279915387 0.005276505144965127 -0.01145902171444932 0.19588794862554307 -0.06765992937356557 -0.07071402567504245 -0.05052718477366348 -0.1861015744961802 -0.01666710532649806 -0.13743542930964053 -0.22545995925794132 -0.17927855743967988 -0.10138004623177047 -0.16473133254290562 0.15807494659605878 -0.0487988927053826 -0.2327573551043903 0.01613370277977213 0.0884147885076889 -0.2709975959133291 -0.2751331665141927 0.06992456229775813 -0.1855953535844116 -0.23802080175986626 -0.20711795472171876 -0.2840688093976499 -0.10746224594757822 -0.18347143475133862 -0.13909181345718113 0.14501303814121583
-0.1586485702331851 -2.028154617440932 -0.3626896408247074 -0.8214771665455233 -0.972754539105435 -0.5286346047852591 0.2799380188109368 0.29826189192433217 -0.19641740502966096 1.7080516195796887 -0.8414640545634716 -0.9351030083963402 0.015968783197457082 -0.35157282732289447 -0.3246506324512657 -1.8144070503838194 -0.7810980900918769 -0.5461024056755397 0.7108683112995609 0.027455061515184207 0.586982374019517 1.0110746126927022 0.024083490783750355 0.6501437372394542 0.9278167548143693 1.449702514781158 -1.6380091632308753 0.1297300130348018 0.6518768115702962 -1.2843263551519284 0.31993430823160773 0.5274090367418423 -2.2382373333037626 0.7126703081140803 -1.7847968474697482 -0.9192147698794575 -0.24825188075148202 0.7748595870584034 -0.49724767693852623 -0.5473830318175877
-0.8806743579334674 -1.2429150168247651 0.6777374233301307 0.8807026031996161 0.9284229543726216 -1.2392526339166736 -0.46480461622662217 0.1996931382322909 -0.3944416296550993 0.3685235706639474 -0.5513527143970627 0.261336582492116 0.4990819621827629 0.3400163930823961 -0.7041541498752792 0.3205699459914049 -1.167771266452362 0.7531142907763742 0.5138386581164446 -0.7267484483994545 0.08478471099372478 -0.00838844467818148 0.21137147418352073 -0.6406113300036703 0.3461747843344107 0.2589505821835713 0.5289986575256683 0.4725501421680994 1.2819117731927077 0.695556512477212 -0.16105571829997606 0.7801581670290894 1.6849550873000194 -0.5790692530071195 -1.3668150757259065 -1.355344401354921 0.2643501775905688 -0.8565091939676088 -0.48397745556183197 -0.23369758155182396
-0.24524096577387602 -0.32574966929331056 -0.2105016351262828 -0.20061148621652686 -0.20622295629711884 -0.12658484036224113 -0.1097577289531316 -0.04362130402182227 -0.18155239172784127 -0.024382844003804166 0.038861693180972705 0.026642590756171747 -0.04820533560299184 0.10094586350075843 -0.09943693716128246 -0.05373405606055517 -0.11180534237694788 -0.2069927027126756 0.018228529139453956 -0.1506286016458914 -0.05889886766087448 -0.1782821890086061 -0.05112247457718113 -0.09052777300315626 -0.03838300135366647 0.04472662774141802 -0.19420898708464887 0.03129413521423367 -0.09308937889696357 -0.2576995761096539 -0.32072196505002826 -0.09149066823906232 -0.04439226174603191 -0.12563063475821154 -0.13011405364331358 -0.12300247073704472 -0.052123826605467244 -0.15038508061188552 -0.13842761430388426 0.09700269481220886
-1.829852853540195 2.6420225960326107 3.44435762383225 -1.3700307996048775 0.3663164317768955 -0.6808129692888939 -0.5868608831448879 0.5077767420568293 1.207554249803845 0.27427398363063626 -0.7846370528979516 -0.7549578013379054 -1.9911311665997127 0.030023930871725907 0.6620214906344646 -3.3448333699403427 1.1639904907775054 0.5273454914844766 -0.9177456178353284 -1.4027446496921534 -3.3128320741248265 0.9046817328729881 -1.3160596055186622 0.7150644600267249 0.42501182141838867 0.43672611002943357 -2.4368102873646325 -0.8619489265868259 -1.544814471447756 -1.1110090686123189 -2.1877997792351915 -0.02187232867440827 1.2804235214373116 -0.0932260587751191 0.1280327723477551 -1.7314600865441212 -0.8411774815289204 1.0026012594804274 1.2015234225378262 1.6809609447839133
-0.3985219411798498 -0.6187280253454902 -0.28849494261388164 -0.24539486611860878 -0.41698459457176373 -0.09701954708012213 0.015029373595656934 -0.31063929194242895 -0.15011698398781617 -0.057383237548378825 -0.08668641610328799 -0.004479859059078341 0.01497713973842476 0.061965606797855316 0.01885993965597324 -0.31286010118435886 -0.18705110224785698 -0.27184867128144946 -0.037239400932402716 0.13329991994190946 -0.19241577226802983 0.031077268906795706 -0.108159190119705 0.0802525798388537 0.16126634092965064 0.2023023294589412 -0.4306878193449933 0.12215118381549275 -0.11154658198111586 0.09021038088504515 -0.31198088631411913 -0.32198835291551325 -0.24385992814871255 -0.1710550242214703 -0.1484540803088587 -0.09851938714948591 -0.18793910465412264 -0.06703654184420813 -0.38805163765111844 0.0683799260889222
-0.9053743315476461 0.33887110760491324 0.32014610413877537 1.4025873552088775 -2.2261519740159006 -1.8297786995972785 1.275750610021427 -1.3161071224015204 0.2698665424105184 -1.4665262680886981 0.037005390079590715 -0.08479810102916557 -2.1438922171954014 -0.7336492565712162 0.6286399216236088 0.522131465509849 1.3873123685064996 -1.0685382304738718 -0.6591724860830879 0.9362169061278259 0.22494555843588598 -0.6732466690223075 0.4868931669044462 -0.9838910134142266 2.1486152561917735 -0.49614583946196694 -1.7051313276416518 -1.693818025842673 -0.07072314094342876 2.136997876844631 -0.48076651875896204 -2.89658164082837 2.658526427554581 -1.9634311324726477 2.8407169823138303 2.8434932796088366 -1.1147210457623455 0.24283712637541902 -0.7457477952897938 1.4763925713368082
-2.554567113500413 -3.803405316976658 2.014719047564612 -0.8136524540205267 1.3385757141444465 -1.2403358394617487 -2.6364073900588916 1.0425233853898186 1.5383958445055268 1.2268763783345469 -1.807216787508056 0.19470204723551585 -1.6942218550420254 -1.062253554576212 -1.8733388929815504 0.20515034646090521 -0.08413219825101911 0.15498160869633087 -0.9896412859835233 -0.3681907747223233 -0.5863459216865314 2.1249971938386767 -0.9517808854232676 0.5228178495377183 -3.803960689331714 -3.277061946168253 -0.4145784768473436 0.4557019203562108 0.5388810267163853 2.065772916959013 0.5521505919735514 0.6826206456043874 -0.32086669153372005 -1.58191490487302 2.283434240558531 1.868861236338869 -0.10552612621962472 -0.5534425122269702 -2.247727567130544 -5.3165709377680965
-1.5861892994463342 -0.8682446638384822 1.870281936926561 2.560421983756149 -1.2422500015254527 2.419647886278622 2.4990805682359714 0.41656466988504026 0.42767064700543733 -1.1329954021392883 1.1060714102384377 2.120294668456241 -5.284074329270918E-4 1.5129444446753435 0.31549438398548724 -2.923206604450064 -1.3732281597704465 0.04407374963080464 2.2460281072766843 -2.14944633038746 1.3524799724742125 -0.025486224726400556 -3.9888076623469644 -0.31075059021232093 -2.330690250347884 0.16517233537241796 -3.324367095710771 2.31634070806848 0.7714473581909568 3.6191213940692335 -0.09513923887678588 0.9420051239534186 3.1136826297871 -1.95057217809394 -2.2037921613289657 -0.7461941097274162 -0.41651332617040093 -1.214779687617235 -1.8622196601904848 0.08414069346449336
-0.32691410093227885 -0.2739531139570514 -0.3490022810787289 -0.1607904972875698 -0.2862282356690192 -0.0037399565723012828 -0.04233492002538423 -0.1951559376525426 -0.12851096945151955 -0.03726392680271554 0.07049435358596295 0.06778212956046573 0.10623268265632864 0.0967325551107136 -0.03507106176499938 -0.06935557584112773 -0.04455099073157077 -0.30885901001353655 0.056708764935504696 -0.11511864860071541 -0.1352499807871198 -0.07983521846000256 -0.19715257370371478 -0.011701968875338394 0.18878253641128367 -0.03413597628139292 -0.3286850148110275 0.0756632670959481 -0.08499952579094253 -0.1021268527281634 -0.3671586106509988 -0.2229363306443789 -0.20818972614476858 -0.35204971896498954 -0.1129119699070752 -0.133841634778007 -0.14120616821080265 -0.019301202774942263 -0.3483247345997306 0.12025956686236837
-0.01567849847074343 -1.6478617022498319 -0.831038557562516 -0.37970180495134065 -0.17626353757474095 -0.7494094404279802 -1.1985336545415022 -0.6589047585655448 -0.5609222964550689 -0.19880498069809235 -0.03604289027098721 0.1583900192101693 0.2786449058358011 -0.23320333820385294 -0.8111339725982006 -0.7460185306764091 -1.180254482125503 -0.5369354345281195 1.061713845558472 -0.329940023951165 2.121750154669703 -1.224275810524212 0.3253375630453102 -0.15195454169160272 1.9546628178098762 0.5096554342461185 -0.2278430624765376 0.619889646235565 -1.4028845460809098 -1.3371829016162555 0.96402235998572 0.9529069586706148 -0.9648902386711067 -0.12903983903231062 -1.2657532568009642 -0.17347538110114402 -1.2074392043694835 0.08106704307672968 -0.1953345170372963 -0.333041600079861
0.04232870452797182 1.258620782220546 -2.7953535271712515 -1.7462702305799762 -1.1672585936162903 -1.102780067697186 -0.014599704877033125 -1.833540112556712 -1.9398364477345391 -0.4449003793037491 0.6057749641680934 0.40446236539428254 1.7459760454339603 -0.549476093655492 -0.6011568872886298 -0.27053809160316267 1.2956206172251339 -1.2418474241390367 0.34201513837387737 -0.03129297173889373 1.4361501721967025 1.662941966245241 0.6668812553477492 -0.5901785115141565 1.0491057783183453 -1.725412821411231 -1.1891090004371432 0.5046365372714097 0.6498148653168402 2.0016045224732273 0.01837855997438886 0.005392138990154285 -1.8813723771658757 -1.4699260232217588 0.7774149665649983 1.5605759536326773 -2.353310412033453 -1.2732998171376857 -1.7126806597990607 0.09660286086191992
-0.1584337591481319 -0.9654754740338006 -1.0027252866974223 -0.4384890323250591 -1.0346051855876783 -0.29491543442071155 -0.14140752114552316 -0.5373892517532441 -0.3320484597892757 1.095310901182689 -0.05427368969773424 0.07112544714948092 -0.39772786789286274 0.2607397294497822 -0.047791912439628007 -1.2032597952708242 -0.4034910417458792 0.16057026500867175 0.28978812733627884 -0.7797840056499871 0.34347140819269883 0.45969400989273207 0.2515967215363189 -0.4943317404091459 0.8133368555973745 -0.04063768928984862 -0.09192939860107045 0.2779909530101087 0.4090101217117234 -0.12103777971023416 0.10509318710569046 0.7058179979026264 -1.2076463448039865 -1.0288182653567832 -0.7321640158585315 -0.6809663735196927 0.1406282964851164 0.850710261642957 -0.2039137065070592 -0.035282617925171726

2
-1.4101070530537825 5.160245646672934 -1.825114863630762 2.112339421054051 -3.7864515575468114 -1.0275535916247593 -0.43711866822955353 1.6068445600150922 -0.17806828576287917 2.936386101847231 2.1149260985503644 -0.25390037812259253 5.134647074427688 0.14682690896432052 4.421652758620779 -3.638729483678345 -5.365917652604217 -0.11715931086444596 2.755049361364903 4.325572653564134 1.4452949906615884
1.415554610196121 -5.15991083567687 1.8756417407523047 -2.1046252968255597 3.7827611908640013 0.9277910828634647 0.4719540196659139 -1.619346831822194 0.20067120417994255 -2.9403051846453603 -2.117736773066026 0.3137015251130125 -5.132688675822708 -0.16400978951566705 -4.418224938447304 3.6369252406362036 5.359614438903486 0.06709394982990632 -2.7521937703147237 -4.324551999639849 -1.438080852260552
