1
0.3 0.2
39 20 2

20
0.2875590688963845 -4.093808627240315 -2.0260035233811875 3.0981910220600266 -0.7894160405136567 0.16943367129975132 1.6713249728215747 -0.01742843013791674 2.027475320521466 -1.4108465150249723 2.570291717333119 2.832979995914447 -0.7297046050540741 0.29998135218322924 -0.2425909762281287 -4.787150949653266 2.7034977049254687 0.5353890600234553 1.9024848031915902 -0.13630657741178376 1.2490313563337156 0.6997328872487968 -4.402956873216918 -1.6723759632409163 -2.6145118717707714 -2.7347488816914054 0.4645877025018547 -0.6216984965625334 1.2934437258418712 2.4566115367964705 0.25293588499490266 -1.9635978997373893 3.1059846958069324 -0.8054019212986208 0.27800429079956007 -2.035309649929746 -3.115370464052195 -2.41972546553908 -4.003677393268189 -1.7335004301900878
-1.754448470014911 -1.1647197879319848 -1.8939663471719304 0.2284931222186279 2.564300406979957 3.4365605599798905 1.7283837599262148 -0.7879456691368679 1.6979909629375598 -0.8800063982750344 -0.17116769124325926 1.3034096734503426 1.1659565896473987 0.9866271920296356 0.31662236719477627 1.4265946213289153 0.6573384221430932 -2.9786246456945875 -0.39570224194717046 -1.912551731169139 -1.550961716550452 1.8437997499110341 -0.5186383096448833 -2.188866993384866 -0.0861282937176255 -1.4859411492290195 1.5446373571506506 -1.8843551621489811 0.41647281381969115 0.6749675967836967 -1.3924203884324609 -1.7955752883215055 -0.3723283733504935 0.006234704907546181 -0.18797221809169049 -0.8705994937238952 -0.8345256407505731 -1.8029395923936202 0.41120487424750607 0.561125167947007
-1.6051239241033612 -1.6106439557825314 -0.01910877607686431 0.4823438204508885 0.38289525396490026 0.9358779066253323 -1.2713299742726445 1.8943221541844915 -1.5365765440049381 -0.19284304155427356 -0.5371996021294128 -3.5926256321894203 -4.321235318054989 -0.37073787830931776 0.23962409286491707 2.3089667521826662 -0.723876926150853 0.5716783541393307 -1.5336917428511343 1.6301502506105117 1.0211236097309204 1.2861016188329546 -0.8804703409405508 -1.6840451457330237 -2.340663125157991 -2.443023596927652 -2.401075021910258 -1.3708725915133018 -0.7539188358356558 -1.7587580064464619 0.9342558890349861 1.9553849292162868 -1.1279573509523566 0.7216822300929848 0.41016455133451873 3.207924558344065 -2.6905057024716568 -2.612664213523967 -1.4224784659927499 -2.524017092797152
0.16284229231115765 -1.58035606835906 -0.8359656161822919 -0.06370475892811153 0.21486319305361173 -0.9559465138833013 -0.7227708144026416 -0.8615344254940286 -1.598495451471927 -0.03803666263147162 0.4980797489218763 -0.8430185729044636 -0.8534939044935658 0.23884336481336166 -0.5820384989010569 2.0574746482571817 -0.8159579984760881 -1.0624947922605408 0.0018596009378278387 1.6034375134302403 1.1443071446305735 -0.7331156930335112 0.1220607712448875 -0.01428277044102463 0.6841156380461376 0.7847682707786247 -0.5114629088788345 -0.553072213968434 -0.2527716722209104 -0.23098464821844392 0.926087045629408 0.10048121182851669 0.7707756194931337 0.1337338864469664 -1.711262537688635 -0.8012807479192949 -0.9714826447324818 -1.8553077786860375 -0.5968883542480858 0.44532016887685727
0.3868276574971377 -0.2883770842865104 -3.001331384355749 -0.23718894642764698 -0.6076223501759108 -2.2678911027367348 -0.01971992082004941 -1.4160150140281105 -3.248458723580474 -0.7524365934274009 1.4762613414506343 -0.19399587421389788 -0.04892083142099867 -2.3114226208853665 -1.2608499935311943 -0.0340514485247445 -1.5988551715933454 -0.17939694225250805 1.0116123495799365 -1.027196553003155 2.4137881671613015 -0.19569184337163065 -0.07440684762115327 0.6693796306852439 1.4920612789287249 0.6136674295030777 -1.8145358561323741 -0.07153370108194212 0.9542302515364601 3.436698833116345 0.10577858996328285 -0.5172502480283137 0.08782799169738895 -1.5899455651488987 2.087897052530362 3.1777042324111466 -1.8075926766069887 -0.6360640555866616 -1.4908464339464356 0.558930428726679
-0.685716850214969 0.42172936123390503 1.3120553438877611 2.025614682011752 -0.09068498002961507 1.2149636876134946 0.6631101085123221 0.6082756128969921 0.43411021474749434 -0.35356154967091213 -0.20850263821786738 -0.8751148551696905 -2.406963349278492 -0.38195173188375053 1.3070596813722632 -0.20574065963573998 1.3281875582080842 -1.4760775231253431 -1.4017204377807626 1.2317901828328577 -0.9900618257673126 -1.66112363008645 -1.389696361970117 1.0446832773874104 1.3835447248054056 -1.7803966157501543 -0.773343783604238 -2.572211737602211 1.089057719507302 1.6958704191084406 -1.6260246156544078 -2.4547557481451743 1.2766700985051327 -1.112042721457236 2.891364438095224 0.4867228313510931 0.21417940809715505 -0.980132220556612 -1.0554209612179304 3.092424761987971
-1.495580528114759 -0.8101846283943573 -0.8175477991119805 0.8367113083427409 -1.491600167919853 0.5808279735019019 0.28134363460640527 -1.2750905419589866 -0.8909488032566515 -0.705352020466498 -1.613587401206557 -0.19214444188672017 -0.8268180573756267 0.26495009642851064 0.035154571393692824 -0.29813299404587523 -0.9009568056169155 -0.4279739921139748 -0.10648356972808946 -0.8005714607100034 1.534036292263962 -1.039208636754914 -0.05378876455628141 0.7354009361913437 -0.7380642170408006 1.5233621232858134 -2.461201691795755 0.4089451602748557 1.6527108482233457 0.7343773286159826 -0.059984010547314726 2.124726568200647 2.1398161318420734 -0.015475030226921992 -0.6159728294660413 1.0426475711923433 0.9335606301597091 0.7025599001412423 -0.9300281222445628 0.03401869731551802
-0.3619283210513164 -0.38500137896941833 -0.1262355450312614 -0.2369151397005303 -0.2435301388958539 -0.06834228263251423 0.03750579367364688 -0.19331951166358427 -0.048535391562577364 0.1506118385402518 0.08947033655143623 -0.1504975999763742 -0.21743999693118024 0.10253075342212489 -0.01374105101974525 -0.12171703301229272 -0.06741308163413844 -0.31335092520180235 -0.05769587778680451 -0.042409116614068904 -0.08990383216099376 -0.2739061025743376 -0.1728793624352485 -0.018745480552840005 0.009461349432469277 0.017920375009554953 -0.34547925665943674 0.022546517321160763 -0.15783809420948694 -0.2883844780138049 -0.14760491655574687 -0.016010089566503155 -0.028959554775696724 -0.09602273319820295 -0.3080187353910542 -0.29258754146559857 -0.08806872609573838 -0.15352497874768792 -0.3593226988726574 0.07066439802070625
-0.24706143252365959 -0.684297956621458 -0.5629607572619618 -0.373898327992228 -0.276608550451961 -0.5329925975881957 0.03138527223547548 -0.25698678409604164 -0.5671122496566912 0.4537785447939252 0.33772049342233607 -0.763011807567522 -0.6469572726091349 0.11960632378938128 0.027568684140323426 -0.3923987720451143 -0.21570049765795693 -0.5322418440489615 0.13709269948244493 0.4510474170421817 0.012782671056259957 0.2583354744519408 -0.017668318692075535 0.4906876107177558 0.3349844193183442 0.6780993068358682 -1.1493799639108533 0.014179374718610943 0.2289856980215419 -0.5756258783512462 -0.07921594914763291 0.26770483074944385 -0.3807523745102371 0.11071159585048564 -0.8220969716589711 -0.45178128539216944 -0.36984501859373853 -0.41299949836871774 -0.8416876866734735 0.2719812985124728
-0.14353850054043288 -0.5453155319719947 -0.8427683839361763 -0.1099835158626002 0.034170077422807664 -0.42678223546313115 -0.16313859753113588 -0.2892374596921126 -0.6826302158944696 0.3011276742743425 0.21621615024302415 -0.2647914930110422 -0.3769240480445129 0.0034038426999141898 -0.20136191522891247 0.011522789282100087 -0.3078348534023154 -0.7437961885796843 -0.013780881829097452 0.48903649845658687 0.4963003938506875 -0.13331756505097225 0.03946404978113212 0.4672353576258738 0.22028398195320023 0.472771635323019 -1.0993718294848052 -0.0024331268675916768 -0.08853887848179191 -0.5530564277194919 0.18485254533319206 -0.10045431105060469 -0.3666343790219826 0.0660881754471371 -0.735436876348335 -0.1448248848721466 -0.5752585978936168 -0.5584297900423639 -0.8263567826972325 0.0980347297451257
-0.3315742294190858 -0.37664336202711785 -0.32495102545403465 -0.08031739542264037 0.0438430833343339 -0.0036237474260075553 -0.2750027927146596 -0.2970698300244348 -0.1088890229330202 -0.0909977370643583 0.06738421324525994 0.016596498797135165 -0.40664332545381293 0.16654569993632146 -0.060319776705131285 0.19407895866647207 -0.22319657059319886 -0.4982702397745915 0.08761406867968653 0.0743130311337854 0.286424944568384 -0.42065158415924103 -0.12478270140747681 0.10603149298978927 0.25059922205029944 0.2504281779800154 -0.4407729359494256 -0.21597475663605412 -0.4587091576671801 -0.2921698531860946 -0.07014386023333297 -0.32527227378115686 0.010472693902228408 -0.04164902634296839 -0.6226738314851684 -0.29615657875666834 -0.3268373079301818 -0.1952841160436681 -0.2054484720316497 0.1212537250288356
-0.32112503479664956 -0.6006328118971839 -0.44880248900020847 -0.2579696786330662 -0.30871014929414203 -0.0711128500982884 -0.04861298699866259 -0.2167046354072065 -0.25232162402330266 0.2504586293520806 0.08194986293452135 -0.3124174033742671 -0.32979034196654006 0.13866080672705 -0.0791820664513882 -0.2368517399968725 -0.07025570371385222 -0.49236016377816927 -0.09700970617454811 0.10323160829626654 0.01914312430106832 -0.3250467180011158 -0.03866779162340977 0.1929942791604767 0.18260350515776075 0.13608325958530554 -0.6497931552353465 0.10072834834208809 -0.13781138879182755 -0.38871105459271654 -0.05505787299174443 -0.17280095769958187 -0.24060634208087853 -0.176727652567586 -0.414842144411962 -0.19355623187841503 -0.2322537305078535 -0.17576605465543205 -0.49108071627369404 0.17328678656001406
-0.1722957290595489 -0.8952888024161709 1.7064726503628873 -1.4648748230478073 -2.1115088641722974 -2.9328618921541256 0.19714777105733247 0.38186616311719146 -0.26911438107485264 -0.8588934501457953 1.3049707943373852 -0.5516981004006581 -0.8196895318539069 -0.19971606681343188 0.5702785943211585 -2.117577837947145 0.37676307495108174 0.7362745987480386 -0.6870700440986481 -0.4252686326603849 -0.5639731982312605 0.9615352460391423 0.19986484906199226 0.7261348193347986 0.6651488436864718 1.0881863496218152 -2.465805260272464 -0.5868094275036233 -0.4501998798528065 -0.6868968996805143 -0.09098065799468252 0.5186567998127605 0.7588555183178813 -0.29933963770070043 -0.49304694553844036 0.19880755296020275 -0.4881479408528117 2.0064270968746047 -1.9655553878299172 1.218000485331191
-0.8618822456235966 0.03919900375467136 -1.4915306003336608 -0.9288999342876517 -0.9461450519234526 -1.0663117264429842 -2.4869738597273905 -0.6943220104294889 -0.32183750782775883 -0.9645960890372506 -0.7626145778378167 -0.4178438171155098 3.555777368445432 0.9631203785423478 -0.36542248595151994 -1.5784167941646392 -0.6285886967632942 2.6085179058925503 -0.48109436960171575 -3.9892896323893856 -0.41730919062915256 -0.9935993926289453 1.2066445236284424 -5.44259131821984 0.652347387098645 -1.4361305532976107 2.1140679118784544 0.2610771020623291 -0.6878792180472515 -2.0643379977818004 1.1508557250061493 4.039195583402165 0.6595209535692657 -0.6530506005008084 -0.8141965745977129 -0.6987969675999606 -0.7881544590303792 3.267731592657776 1.1119128175337585 1.7178430439529164
-0.3994579341009388 -0.3606189721389434 -0.18714766996776377 -0.14935039768804384 -0.21738983470235554 -0.06572146912348373 0.03649254428487208 -0.026714222775812774 -0.03775853942091403 0.08545844728817567 0.052846849977788456 -0.14883850664256368 -0.1264456128477745 0.065694645295632 -0.0461100599131939 -0.11753244757414465 -0.05844683725453455 -0.2578309777294228 -0.045799551066278525 -0.14553325793521513 -0.12588516831352703 -0.16542792394878242 -0.047074711921383953 0.02818827096160751 -0.03612910306180957 0.04684599715544025 -0.3901438796746398 -0.030214453006703817 -0.1577474196570786 -0.205019694461568 -0.15510776527206568 -0.03743502320837348 -0.1333447622283973 -0.21423132042269083 -0.35147205133693415 -0.2959953616659803 -0.053858082257017444 -0.09270883903897946 -0.2869496729915225 -0.08794719231027535
-0.045655394977168993 -0.014666958234858692 1.174019456800271 0.16073037530796278 1.1396979742696263 -0.8641819559746642 -1.0273437440703888 -1.2720032620813528 -1.9445045834790728 0.7149475046034954 0.49155370794103803 -1.6474432902808849 1.5011531519509163 -0.6339815511104147 0.8239332980726513 -0.812886485216988 0.2621478649137193 0.26016711488711514 -1.1445201542188184 -0.7522078174330734 -0.5066384551491279 -1.2790514242901065 1.4190827128402026 1.1991954357561594 -0.864414830314996 0.7621623213699437 -0.9538165048527782 -0.27598606264580566 1.2368344745035336 0.8140165353576724 0.6278045502062097 -2.732104477254316 -0.34891126389322924 0.32225920957361415 0.2985848710040859 -0.5800920803276406 1.5222714722302029 1.030993938011457 0.3779891695298581 -0.2836445969857174
-0.2723796848455033 -0.34034072465252957 0.024396730223859225 0.23810712499836081 -0.3408618950412769 -0.08625514703910081 -0.10062055013018975 -0.3329314816595838 -0.44260477653330493 -0.5913978359482828 -0.467981317494526 -0.27721166347565934 -0.6531249595463334 -0.06520167258520529 -0.01265770445613271 0.19021392416090807 0.3795359956335698 0.9755141198980272 -0.3326041339691647 -0.5358016890623135 -0.06941726589847086 0.4392797170482254 -0.18924008245142712 -0.4684313368601651 -0.4612540312977284 -0.3649958458480193 -0.4984189551912365 0.25547902676509154 -0.27955670043220726 -0.3153571193085473 -0.16247963194337423 -0.25785164621994694 0.04281159155456061 0.33955296132518514 0.07070475354650714 0.0653766758278708 -0.22959929506424612 -0.44006186361866445 -0.29463401862593336 -0.3824839627256161
-0.11988395036594153 -1.0335964547936705 1.7353403462809411 -0.11460094027977641 -1.1376654020725774 -1.3220659290154269 0.6047510350966737 -0.07259122828513632 -1.101903971674109 -0.6527963541215889 -0.5841591456090496 -0.9280531687360388 -0.6294572168288595 -0.38189536756429115 0.41993443003239933 -1.648650137045383 0.9268251492556019 -1.2175959229067446 0.2600789918249004 1.821121858296541 -0.6003974042910993 0.7385490504153386 0.25440132319572817 -0.2798589311643595 0.995025047091853 0.5390692358763104 -2.2305321193750123 -0.7812665560654409 1.6345026791100443 -1.9002326316526286 0.5578269265237661 -0.5253906453967067 -0.6089794537311743 0.4188680962994667 -1.0643775305942027 -0.18580289291821636 -0.7896846058867666 -0.1297591610452627 -0.3663087003551487 1.7441118916001122
-0.21768879140665004 -0.29947450654758884 -0.4102750808603856 -0.16329041929116492 -0.26072957337513164 -0.09100815204883846 0.052903673954176486 -0.141875339480459 -0.3077768480866002 0.05440215199203856 0.22194680810965495 -0.09841371827030583 -0.18071331610747654 -0.0169439989596164 -0.012241568035383699 0.012407856540440612 -0.07750191523080863 -0.4442242076194248 -0.0640358220987974 0.06183429413789912 -0.04000546828540585 -0.1595316104361663 -0.22503056342935526 -0.009572251300924022 0.2261966039015241 0.1553151566413341 -0.5040323502111798 0.007655791615248418 -0.16547359854110816 -0.1722392731675728 -0.31832565552197584 -0.1532355029029664 -0.3539761216332298 -0.36352388063280455 -0.3917197413419817 -0.22388290830277777 -0.224831516692937 -0.13793848604070316 -0.4873678952124466 0.12260787108029557
-0.40282286675362305 -0.41637049357056904 0.11082568735622358 0.009591518530414884 -0.30937066094404164 -0.1157541044611877 -0.018820387446438866 -0.010323445042352771 -0.1991030210680824 -0.25432405162409083 -0.007137054169291173 -0.09834771554104342 -0.04835545592037044 -0.10618686594078097 0.06931379208822705 -0.09490242328069237 0.15194606593261253 0.09245970374000828 -0.09378491371989141 -0.23343106146651463 -0.1114721007507179 -0.08317312803132396 -0.15768395075236305 -0.055572040252475634 -0.15163359834335585 0.006298927647782676 -0.21039453890339307 0.01732010016960737 -0.18322275705545857 -0.21444223785768468 -0.03620527938621926 -0.2269168838389754 -0.07406376725956636 -0.05506719240424984 0.00322186227008487 -0.001279090398400139 -0.19737098423213198 -0.27152005560614856 -0.18173391906914008 -0.14227794303089822

2
-2.064730384622769 -5.857222405835213 4.937124290202889 -4.370741840556924 2.9690513301543398 4.445718270303297 4.324737666997053 -3.5912582640692214 0.0965102645704324 1.1139327732798725 0.9670619182200896 0.39959298921489217 0.3618082658560183 2.88678837456236 4.580864911501386 2.689548123103186E-4 -3.544702753737869 -0.928763379444418 2.7338799241278027 0.18288472615858845 -0.4132824978518494
2.0658054070726237 5.856486764302292 -4.937450698810439 4.367613416920594 -2.9584080985480523 -4.443205414225862 -4.325248238427456 3.590791450190229 0.006754431852461975 -1.0339684313962343 -1.0403105709057412 -0.45532756272088076 -0.35388356123039927 -2.8911988307201306 -4.5824113955951375 -0.03420634012339411 3.547531424207555 0.9421121229373909 -2.7377020512504204 -0.20962514077140695 0.38705456395706067
