1
0.3 0.2
39 20 2

20
-1.5154384867791861 -0.6515074228287068 3.2565768040217002 -1.147661628366719 -0.6024546861750767 -0.17377975646980948 1.9363638507815584 -1.9044133838851192 1.3389531467888012 1.1282376864484551 -1.1185031281621218 -0.9866432556846341 -2.321088839068017 0.22379576767256862 -0.9215229304481453 0.11253748658012455 -1.2061555212157757 0.16061973868012597 -1.1355453681383727 -1.356758875184213 0.621556137742429 -1.031528976648094 -0.04493961415859913 1.057589328861364 0.3642159471079008 -0.2632668878673255 1.1780694678124748 -0.48058900676653643 -2.3179554937871756 -0.9837422875596159 -1.2187801504259415 0.32814056985240525 0.4808308076118206 1.3880524211039549 1.6101631327534853 -1.292012111408797 -1.285501883865588 -2.766206093474435 0.04076373722553873 -0.24318475167270925
-0.3162983374534356 0.5839732337503063 -0.8699307299637024 0.10641182168262137 0.3818888226195421 -0.9665682939302622 -0.3394314835819938 -0.407083656729376 -0.48643379530031017 -0.2758698597679568 -0.29196016873499997 0.6039801401495448 -0.07403981474647203 -0.3436982610032357 0.23226132097148303 0.3630979307816358 -0.3725801830199683 -0.11017703546456448 -0.11202625765483601 -0.832780877043787 0.3955408650939855 -0.6052744980463252 0.13480557465428913 0.023543734469708307 0.3126794469926001 0.3117768682338878 -0.31072420231532 0.301650571433517 -0.2860040143079378 -0.4570269883807957 -0.18973948187788992 -0.39398434668398863 -0.6157093229686353 -0.17751236420345387 -0.07383327698950284 -0.10121535715276177 -0.18468375713943216 0.0071810324581775605 -0.7521505271165145 0.2340956549593511
-0.8225299614051291 1.4028828620371194 0.21876543782994454 -0.5055360636852604 -2.0607426513003886 -4.986903799457279 -0.9114847614351341 0.3109971570993396 -0.748453045938838 -0.5646955822609914 -0.021972123878835015 0.17783278548266704 -1.0164722613761605 -2.4927126572139264 0.37805642734549505 -1.0780873740107868 -0.6231924252396517 1.2658909266204537 -1.3339590380197182 1.269402327450306 -0.6464597270659939 0.251815621228763 -3.1733404798336067 1.2893886430249135 1.0087714247318225 0.7846230801568537 -2.632352443863969 0.7714340632808343 -3.024916507132594 -1.1778595147744513 0.4877172864436595 0.6172363352010588 -1.2658620667917486 -0.4115264545579567 0.868394243766879 1.7104357279842528 0.35746678366547663 2.5324233543984174 -1.2359519938797805 1.1998427251915738
-1.1974719033422643 1.348135747837249 -1.6464489789840182 2.4541631974650158 3.4557475558943755 -1.4067076973628383 0.07778702580222357 -0.11263401298224211 -1.8340980178894901 0.5489692284275471 1.4164047362014789 0.8532199414490969 2.4386435871159 1.895228476930795 -0.11593847754339882 0.45710726720859446 -1.5890503121392803 -1.4279843008225925 0.9877134961741125 -0.44561782276580636 -0.07319028638225625 0.3916044036518505 1.2250688362218698 -0.6369460048766425 1.796410324072149 -0.8091989253783938 0.9173501905869835 0.5488471811711362 1.5451893588275127 -4.1350363689150775 -1.822761413806542 2.002624763321311 1.022034616882768 -0.11875395646317582 0.08652645717858586 0.21127956581131038 -2.7355772337338773 -2.5474361639422467 -0.704396809033085 1.4461070991929654
-0.7736264861198754 -1.4956415335740352 -0.24733537465352934 0.77279009780424 -0.40743686803918794 1.2577621913671424 0.13621536523162442 -0.003310776688504023 0.6922209791256814 -0.3582364618767328 0.16399505228801287 -0.6921110339128267 -2.0963907230325387 1.389543656828316 -0.4890176779624262 -1.1256324875320827 -0.058204337837784156 -0.602666010308379 1.3335389962466175 -0.8673765857163866 0.4160937301169198 -0.5833747634726472 0.08780574115143447 -1.0978445983879337 -0.3137405841619739 -0.6626539266009279 0.35513067264753423 -0.3010691894371104 0.8425309761917635 -0.4493230429740756 -0.029362883713441895 0.7507507359969467 1.7843844603675465 0.6859218248571604 -0.7845671795609452 -0.10882187509195594 -1.2127902554066867 -0.3088266055509946 -1.4635441215183191 -0.3711927384930385
0.20776329531499244 1.4569000361347018 -1.650163346108256 0.9678693773211113 -0.433947373134866 -0.8334022052509049 0.2009363339618458 -3.037499401655881 0.12062117962525068 0.9070105101382587 -0.5159610683638796 -0.3509333931645251 -0.07835765368850185 0.8899877443976234 0.41342934104535534 -2.7682274137155933 1.2132626448484722 0.330366714252384 1.6879278282209902 -1.4898342864322767 1.7985985610663084 -1.1225491793839528 0.8781285671966241 1.1032074343562959 -0.5923897953443494 -1.440438260725564 1.5895381216531665 -1.158910642701646 -0.6091536934960171 0.745837116540939 0.1737634213525435 -0.16693434747810634 2.6554527244454857 0.7762653987423422 -1.6063901649694061 -0.15580506120571358 0.8043558848708983 -0.6747552670118201 -3.512633243118903 -0.8279129738097502
-0.2851773204098328 -0.28169335822109715 -0.004043003733592743 -0.07886677221046935 -0.10173445851501539 -0.13955475211956034 -0.4131290257442404 -0.35004677724151567 -0.03198456786035897 -0.5199903005781757 0.11395739006862951 -0.23509833084654927 0.03371154991813053 -0.03200275860269801 -0.1239808306910766 -0.6212217179983051 0.39156524452731095 0.30267498781276636 -0.013795029655627065 0.07059075161966467 -0.02032339522355142 -0.21886596315329548 -0.023535452377094396 0.13952478367615126 -0.5607215896201839 -0.3616977106071443 0.3402789965332582 0.20410094604976506 -0.19716403084557177 -0.4155269430000873 -0.03967680071414148 -0.7633445765059158 -0.005707712710699705 -0.3056209478240884 -0.4136645499767142 0.15001974513911495 -0.09488432842051259 -0.41327191926911544 -0.36920931392159767 -0.5253287379397102
0.2471430825112247 -0.03615806677771901 -2.066097461699201 -0.4023268385644494 0.38063553107757125 0.006935483193368964 0.4172914607804653 -0.5585313923710606 0.09739390899681273 -1.4897556865609025 -0.20689548855712844 1.4744205837152558 1.5233517963917629 -0.5198472077899169 1.4689543246037708 2.094806294981941 -1.2253805180116573 -0.7624536338956371 -0.20740613652359674 -1.760199458666556 0.576108603992026 -0.03087751807895724 1.7524576964974492 -0.197509496979266 0.20378384182627607 -0.8036094640368854 1.2132245453425 1.2864159068649277 -1.8057635426803234 -0.035631240472526235 0.8869262398996406 -2.9632023836415162 1.2878052751612454 -1.1469187987967795 -0.15621459278910985 0.5594702065579442 -0.29299430823179873 -0.3126558359224346 -1.3235913830723611 0.2920801465710306
-0.4848499522674032 0.057599007980952875 1.0960329815325427 -0.3978486795171224 1.2406085331786727 -0.7869702850455458 -1.2746232833498812 1.4114144369542567 -1.0573098195532387 -0.35439269229510434 2.5585303408526214 -0.9553133271025421 -3.749330193582243 1.7565512082794412 0.28605083209395055 1.2205636628767964 -2.704432319951337 0.0944235491278681 -0.33874658977949984 -0.6790762103203359 -1.1223476293228136 1.7958657140655758 -2.7335049675891994 1.1317212173851097 -3.4806622391486934 2.4244551857723784 -2.3165867323205935 0.9088198888680872 -1.253699058439729 0.14794386308336296 2.718560513843857 2.3154318628111854 -0.05561130269732857 2.0494243978680475 -1.7969689102658721 -2.354505188763609 -1.2569131396049906 -2.491153315793045 0.3019648932795216 -1.6016216412923316
-0.23502268624620473 -0.3162374448965424 -0.0024563998156092158 -0.10557361294822423 -0.16201546477916312 -0.014026762040874956 -0.22202201007483946 -0.3266240112901998 -0.0954073044598531 -0.4324761534927352 0.1627680445968613 -0.3452896244616211 0.08122313881370039 -0.07161528855729746 -0.1601604422275903 -0.09613954845394873 0.17114809350728719 0.26271903337029356 -0.13415583878785747 0.06087766187217113 -0.13044916646396326 -0.16105997182205758 -0.05346509779115815 0.22487459521365394 -0.5936805633291107 -0.43503420383760116 -0.056086607098941504 0.20146490900141634 -0.30598375902035685 -0.5099263955199201 -0.0220217779595337 -0.2967770043669972 -0.17811470298992774 -0.3237219491548752 -0.4071042003731959 0.03493459694307838 -0.06979140264735315 -0.16441995742463686 -0.13240140452162608 -0.4015426672094316
-0.10994297622220647 -2.048123357355933 1.1984474245200216 0.12969642891748748 -0.0020237088259387006 -0.4552508851306076 -0.21482862462254887 -0.9371157440158551 -0.12728555221584875 -0.4326196716502519 0.02627506541853562 -0.5632913625070246 0.06939358986274892 -0.10603859677063834 0.10715751864566117 -1.0584248225706612 1.0336080958604124 0.9202874321089504 -0.02614241654819782 1.0734154144788217 0.6173267477677569 -0.2904956129385792 0.20916931817409365 -0.616917599589341 -0.6115096082250966 -0.519059202229731 2.0356552846308484 -0.2161266534683376 -0.20475918960314476 -1.1594648329067236 0.3799290394666391 -1.0077786421601522 0.2785056184558145 -0.48113728451312615 -0.16615491363697998 -0.27660281563181083 -0.14822832796181606 -0.2815255918171142 -1.5870131104560503 -0.39720763344579835
-0.510408895577689 -0.400754745712177 -0.16769613798366323 -0.11409719030843335 -0.14079495658482286 -0.23826453072136222 -0.10680657393556696 -0.06979218820391749 -0.09889133682115205 -0.1794332337215301 0.23050291435816483 -0.20255501330218795 0.039765150534891214 0.09456424878974526 -0.17757040423794782 -0.19888050933083623 0.30509758876244525 0.2991031886744786 -0.17132861445492006 -0.11919830424865956 0.04716534875029386 -0.3741925777771708 -0.0687353616355206 0.13999022034305997 -0.4014711765365768 -0.35902542262635906 0.07854647305663102 0.0803582201492204 -0.26602673363630946 -0.17932963056545684 -0.014246226346939717 -0.20931852481913868 -0.02159371816984598 -0.34861787874057987 -0.5207344388280885 -0.16931262021019872 -0.0443450076773781 -0.1887144146126408 -0.3961836183078177 -0.336057474351897
-0.5327169215603554 -1.202243667989141 0.3295602257722441 -0.08374056687455614 -1.7651207528371906 -1.383740589531593 -1.3744946428786553 -1.5091307339069049 -0.39797820935471895 -0.6487179471327201 -0.43073697791577453 1.4084856204024496 -1.2072587019364438 -0.41031981432975645 0.35478600319407594 0.9021275379046586 -0.5985175718684431 -0.26657910423058767 -1.2831358758383842 -1.0303891681728445 0.5847546118423447 0.02791646147640054 -0.5105863541710752 0.6520256143805168 -0.3026800817467307 -1.0598326168540504 1.113039314596763 -0.3804836023350224 0.08316078512857077 -0.12308331225573442 0.13900873397358335 -0.19310471467729098 0.22552507698201665 -0.10141034470826592 0.32917279785763903 -0.3332681604323862 -0.10070002520303215 -0.23563287428979757 0.03865552363672991 -0.3627196493703361
-0.029287766366641894 -0.6115760908544657 -0.5517902022024276 0.2511760034181874 -1.287845050424131 -0.11602279609580667 0.47071731555773144 -0.5992866156518649 -0.15084958659736442 -0.3428718845083252 -0.08049459901087871 -0.5770274236648758 -0.12805477423635822 0.35647679944366695 -0.289849462928338 -0.6591250410043179 1.462556066860497 1.974449799725359 -0.4280601422481348 -0.842891709591884 0.422320455332957 -0.28553481754773474 0.14840120278588595 -0.3545587924263165 -0.26322095724662325 -1.0251921408643867 0.7283737222702341 -0.21497914927591488 -1.1373450045883686 0.2489730447361151 -0.16329620061499717 -0.5732989452375084 0.2669550669591103 -0.6297405504494058 -0.8733285696656683 -0.0891915329132496 0.03417736907615272 -0.250510968741663 -1.3604897280083983 0.5167343579127462
0.15920431692669432 -1.7593911665414417 2.1233923573659585 0.01972977704882138 2.665930241983833 -0.20925897027214582 0.10358211683662723 -0.2439970053812581 0.2601798169442601 0.19448172560174304 -0.21252020704423039 -0.9608936049950642 -0.7423703532030572 0.16100225580786717 -0.3574151780702349 0.23787156535318704 1.2656987194278129 0.2712231761926906 -1.1361879494487512 0.16189757107066513 0.9592042811955331 -0.44171707197387705 0.6609680908038696 0.3923794226083908 -1.309530514788994 -1.3544847023880386 1.9538637230094325 0.5762885811083005 -0.7444780728923871 -3.557498341322528 0.5706376132932014 -1.8665452223111205 0.017019090357490368 -0.5068226360721826 -0.3841961242655999 1.4674969511510427 0.4656240998412368 0.9092771954330033 -1.303910738211831 0.3568708945884994
-0.43511998517020195 -0.020373620409641295 0.021721969768600875 0.14582755575507872 -0.03147344674962258 0.53479910174185 0.14769349813808555 -0.018971068284319922 0.25177014737757586 0.22498615657062443 0.16683196072840653 -0.1671583274519651 -0.6439198710166023 0.1343011659333036 -0.18818688819188567 0.0355542323477093 -0.059233047798324376 -0.5106059798197339 0.4951560391196048 -0.08042229793718071 0.04710345094272349 0.13664209855093454 -0.024595756712456476 -0.028066939127859344 -0.030746558871338144 0.18761511069809989 -0.25786997849413223 -0.04192244379347195 0.5221748331544019 -0.25813585148888285 -0.019272685098391865 0.06437105300857576 0.1560537117027629 0.20616373502681382 -0.6364438304749868 -0.4128195723044524 -0.4090820732326935 -0.08340211463096722 -0.8776790909389802 -0.2863021549198663
-0.5989245964162598 -0.07168348433811013 -0.6257553201656665 -0.9574080978749512 -1.9123759142848062 1.056972839982286 1.4366264469151566 1.038807526598117 0.3057501046592679 -2.0944577975865357 -0.10687324957652573 1.533324622849052 -0.5729253758214663 0.270250644601292 -0.6550420717567268 0.8067261309738388 -0.9301820442039518 -0.8719008443199485 1.99985600500264 0.8676304887806375 -1.8739655135872035 -1.0250109173228634 -1.1120310076559412 0.11121744711718881 -1.6018316342394223 -1.6427174117041676 -0.08759552502838033 0.9049815309107178 0.06614834887051975 -1.8781356828749307 -0.5233171459256778 -0.16532496504156827 1.0189083771560183 -0.7269163828290081 0.4733142547960312 2.2393378497534173 0.19671238042771794 -1.7057305217123697 0.5183792997877904 -2.0041046979048547
-1.326501461765161 1.791976262138997 1.9158396323562255 -0.5828146711812141 -1.4256926424662042 1.2457637097712226 0.9924228807058878 -0.1427072006667748 -4.661782541752147 -0.3556220673567925 1.0525981612646274 -3.2118523694073895 1.4451985709232031 -0.3131028119704934 -0.017509767176814513 -2.6455481841377737 1.4551569006056624 1.7129884324489528 -1.3449987036596238 3.438243745205728 -0.626417986820093 -1.9867076332400757 -1.156049017643423 -2.886964822299468 3.802055579435451 -1.5863980326890357 1.519022147697848 -0.6823370187625651 -0.9992773677654022 -0.6267956196159105 -1.5965703912699025 -0.28310781086674347 2.927994047233871 -3.039212524396132 1.4418500297339907 2.333653077380535 -0.0893282607571522 2.6955380007279994 -0.757404098803544 5.178275209973287
-1.0412113240593674 -1.444510371922158 -2.184599278225297 1.4181803653062868 -1.866207108691741 1.7402415348473883 -2.17579901565812 -0.6949776861926262 -0.036607386539113634 1.2578661358023342 -0.13597684848364813 -1.3501489058799747 -1.346981500030752 -0.16719368824814462 -0.4412305306073494 -0.5280010768855171 0.11498681170424323 -2.5072014735594323 1.0619720719274528 0.35370385173205143 -0.026977676679615696 -0.06960353010666323 1.3655699650661488 -1.4340486601815357 0.11082354450928632 -0.5872155529199405 -0.8318927002080758 -0.6534777776134567 0.7337007353564547 -0.799927207671025 -0.6766782532895473 -0.4477808345657932 -1.6877969940477664 0.45484463731187624 -1.7534281063098585 1.175720108629251 -0.23227539540391567 1.971705277532725 -1.2361561168986615 0.0780765717306071
-0.3104198148886784 0.30798950338156 -2.1820484361696018 0.5289364226696487 0.11810422733709657 -1.4298522962067919 0.20870039073640329 -0.9656143423138213 -0.14258969729550572 -1.3817945163412235 -0.5763348565914259 1.8919006865396533 -0.22564040026816737 -1.973084334297302 0.9981799077408612 1.1102081973055304 0.28008185177276756 0.6969431180941582 -0.08997200955214754 0.07901393994388221 -0.5590295105479771 0.3255628466954314 -0.16999329204394548 2.1880920157395205 -0.127226669024324 1.1905649034535604 1.524933694959466 1.8342325762019691 -2.261277409578388 0.7798492492882335 -0.007628341501289112 -1.3836533135878304 -1.8119295016247927 0.06419978210322466 -1.3020408967683526 0.15529185667508705 0.2863113236706729 0.0983372273727536 -1.0600485290052162 0.2906881476571841

2
-0.3848747640328372 4.328025742552739 0.735403653635627 4.129892212143009 5.0023164565012985 3.2373073781461184 -4.267550601972739 -0.6468050321481961 3.1874271498793343 -3.1802093947868433 -0.5491800315654147 -2.2732923882278553 -0.3444685065023199 2.21653075294354 -2.351271337065385 -3.3574349516075803 0.8326629524877928 -3.3678935046157568 4.275631814751404 4.374669393559096 2.7394040847383625
0.38614593485364995 -4.329030151134354 -0.6838621460132666 -4.130538579361986 -5.005444013826729 -3.2411085203064687 4.265818731894316 0.6340542834778595 -3.1884545752260687 3.181810893761992 0.4881679165116633 2.2845355159895986 0.33498977363036275 -2.2175835617623476 2.363112079424171 3.3596585758885045 -0.8254419868133429 3.3707253124544323 -4.274517923403312 -4.375472012875293 -2.7427845980528764
