1
0.3 0.2
39 20 2

20
0.19670619678105505 1.835446491364268 1.1055030152155878 -0.9169979865018677 -0.8667612278099128 -2.2049336165002917 0.9348636193512051 -2.097552813148149 0.5577446006329008 1.7036621076921987 0.8142820249065947 1.039325574148756 0.5142242977909236 -0.7662240901938892 -0.9431239823607167 -1.3463302754547912 -1.0041074287168694 2.9523241748645006 -3.991983086038221 -1.829216102144415 -0.9244635890981009 0.6922485416443588 1.150854937075145 -1.0178565014679166 1.7966467326392768 0.6975419134649365 1.6975913407030303 0.1783347290923113 -1.6545563774369567 -3.085903547227987 -0.5845883868606944 1.5964888744799954 -0.7641597626285106 1.3866507592273212 0.679302015122713 -2.078161015930341 -1.2824637183193381 -1.501372480606893 0.45189916136164204 2.656020843318607
0.4614999522583761 0.30570496553164206 -0.908404607647943 -0.22119751033594903 -1.078334328731643 0.07347184458819397 -1.5041790434285394 1.0405604090344405 -0.0792696391565472 -0.16738787260514934 -0.14229423212919778 -0.6044930415057648 -0.7816279081308288 -0.5733761807302146 0.054930089081011116 0.3922258935557902 0.7547510719737573 -0.19075926893154105 0.3903110808141077 0.6149163173577834 1.9738830453816727 0.08023428962010035 -0.636440832533314 -0.22426111332351167 0.7027250128901816 0.8054018477806887 -2.848358160483292 0.6070004526593467 -1.364062016243525 1.085713162646954 0.008632516232713366 -2.6570858799214947 -1.7605644269697371 -1.0195676238628157 0.4826059628679297 2.4239846460926646 0.4742605965040059 0.3472492400968182 -1.819616753038046 1.9191973873547183
-0.9180963231650722 -0.7508943921875276 -0.6752622223831907 -0.03273877537535412 -1.885580026753611 0.00762171598088027 3.0639321101284267 -1.2670324906011279 1.8504598632744729 -0.09280234879693762 -0.9205144600570143 2.5649519686486326 1.128268250131446 1.7206477516189485 -1.3119710717700546 1.0303856041835167 0.2967451577022538 0.6250993090253053 -0.5714081678400326 -1.487270643854374 -1.9467972210458049 0.6194225033495816 -0.8303216278308865 1.6111889486160018 -0.6310763027094803 -2.75979452781707 -1.0235426766164186 0.6704622974087601 2.201304339422394 -2.3017015368910823 -0.6059253101829428 0.011327204654573564 2.811753428675671 -1.1152300411216511 -1.298092990210235 1.4467686014932444 -0.07239800287791397 0.4035281209951305 -0.48080328406249717 0.5647519800210444
0.0034288957215411627 0.24086372343271592 -0.23260998299284763 -0.053284838347949254 0.31752703899058804 -0.8649511191181473 0.036427447495004636 -0.2517960984605982 -0.012700803621430593 -0.07032676490576743 -0.261830292714496 -0.45235118194368473 0.6727267651059222 0.06459796301739 -0.20152830500724547 0.1441733155406718 0.24060388155625462 0.3287410357294962 -0.16081916984626185 -0.3600876005639707 0.17811316437890198 -0.40062310510258703 0.6549806116576281 0.028544646574232824 -0.47700290304649845 -0.3339426605199719 -0.4069114087831318 0.7062930101312814 -0.19246500375679756 -0.17585165044237386 0.07849801378302161 0.05504058938053282 0.397282424629426 -0.03316030741497872 -0.27924808639789445 -0.1316519104434834 -0.2846363933315608 -0.7848710293885462 -0.712569943224845 -0.40621371873970336
0.5208890811702438 -0.26442554464144313 0.09352181258299014 1.8419116710688515 0.4898839696065487 0.11250383792321753 -1.696325406354105 -2.252445380996096 -1.5443284517509277 1.719791588347775 -0.7373773351930456 -1.586031707441445 0.7782807061031961 -0.5194599788779416 -0.4522872182036925 -4.6268297494954895 2.369762483740142 0.6645167392335634 0.5658827781501499 -0.31490788563127947 2.3020164938698704 -1.3745892370770003 -3.2597536537475187 -1.8885923218963279 -0.8612009660638437 1.2224602115930308 2.113944877599996 0.07944988220470282 1.6251125018229124 0.6554900542617167 -0.1513904472416125 -1.2909230293619818 1.5132221900460026 0.1941754691761326 -2.1212047765118576 -1.9480390344831686 -0.16901130521931154 0.9789789029965178 -1.4758433235544681 -0.18626190151641173
-0.9771651691715703 0.7185055155712052 -0.6950984935846956 1.0293825228367064 0.18467480842727016 0.5473765079032257 0.3540943706927018 -1.2461885141183067 0.10052952485358994 1.0016597139814503 0.3528881851750347 -2.1844385504323323 1.7540360560059434 -0.3797610252031714 0.7637344558521003 -3.589944581041757 0.7791077892788438 -2.328443366466217 0.19028303714474126 1.1540181323082292 -0.8599642205488172 2.146571428971176 0.11776942727014064 -0.7922340331788159 1.4952447427961093 1.086371010907444 -0.7919206384951162 0.6172089814768524 0.8364994242862593 -0.7937937678468974 -1.762442992351742 0.933512488042945 -0.9468671132731503 1.5271541183420987 -1.7860463079435482 0.3684691668911473 0.7030153134750565 -1.761919584764283 -1.2982981369180375 0.8901341752386687
0.023086609998640602 -0.08473161310967971 -0.9427622568487822 -1.687409249351709 1.8728915507536896 -2.0720644338792202 -0.9070772022787141 -0.8205310356028389 -0.99284547057178 -2.0900694756030114 1.5134521841342576 -1.2378845095863291 -0.7614844061254668 -0.8090932534899742 -0.045696610989041174 -2.506084281267543 0.6471063311459464 2.36949995186287 -1.5774811081809847 2.1173619669207895 -1.6927270979856968 1.469224517037471 1.8674069883331286 -0.8792973694156794 -1.5632056098298641 -3.2732788749478163 -0.7412127890262127 -1.1318143084057293 -1.5855383816429425 -0.23035596176572937 1.6807454870231615 -0.957621234897235 -1.221289466607609 0.43973925780085515 -0.09763955899791225 -1.5667400894221397 -0.6589940293636104 -1.7128478112430774 0.07157212322010743 -2.7488662826868646
0.0692820269616283 -0.08388285138304137 -0.049526657697831364 -0.020685440393579484 0.10375956932429463 -0.5670318632250825 0.27027016175521323 -0.5062749203526483 -0.20655645220195007 -0.10099293077506856 -0.21848582870860495 -0.1615955210666415 0.643097119086264 0.09632943712515785 -0.28920993234139253 -0.19944410848925792 0.332634898467573 0.16793058430648514 -0.04281662936709675 -0.21757736013260184 0.15836698863453608 -0.26968407435254516 0.24929112624121885 0.004955623465885142 -0.2802599407060828 -0.14649157898521228 -0.3171930001185924 0.25984441008510456 -0.2577803654253771 -0.2373915906787164 0.12850615117215985 -0.2092932851280062 0.4430072743084889 0.08560740771473459 -0.3633633380757414 -0.3324581628379433 -0.1427637780417756 -0.28240862522395677 -0.5045627291293645 -0.2656529218054876
1.110120659381837 -1.6475664095866214 1.5932524031879784 -0.19814434118230032 -2.0878554906620828 0.19883394057741732 -0.863315242815998 -0.9319335663651739 0.769078610203607 1.0164112010059094 1.2668604474661995 -0.5504650446177328 -3.7536671223779674 -0.03251778613001555 -0.5460490641521567 -1.546853322613693 -1.3148590665536575 2.2232352694841193 0.2709836269156548 1.1279108251780852 -1.8090016444983184 -1.1071053584740305 -0.861558116071447 1.7925125042004264 -2.5701740526091132 -0.3820704388845655 -0.8687600706914486 0.9570382535128021 0.07719141279318123 -1.592091891998092 1.7163990894950907 3.0701360583034987 -1.710431364017353 3.892585811457564 -0.5637876716678516 -1.6266806046146782 -1.5650750304806238 0.3941186455384517 -0.23863272499577037 -4.188204848335363
-1.8687558297558646 -0.03514138640837283 1.096815152566035 -1.4965844742401442 -0.6347687402186104 -0.290156916457717 0.9941798756438718 2.8011410509000894 0.5979714573154375 -0.008466878868460984 0.9030946832034993 0.10821631020391374 -2.0773533491371476 0.8038898874487391 -0.42490273401396117 -0.14135921901568216 -0.6340978790217301 -1.1895371048704992 0.2847784552133705 0.7996866297697784 -0.7715155817851118 -0.8232366780177938 -0.596157883953535 1.8057675512380629 -2.8245563737357413 -1.5406031416678034 -0.8865381124018581 -0.4020082987953081 0.1957089705216304 0.8922397220575395 -0.22756311144917538 -0.8154645025756508 -2.5397634753790874 -0.8962068571579292 1.9275234600500912 0.25943261906000376 -1.7272438039830944 0.12051634060336937 0.39826955780895323 -4.989832422185006
-0.3241580142533463 -0.0798401998501466 -0.08394871051688806 -0.022998787730260848 0.02484880140603852 -0.02042794564314041 -0.06102331748007743 -0.14332085608045037 -0.15900529775632083 -0.051556163818212056 -0.11429876385550358 -0.12373612396518502 -0.0845150674025688 -0.0778270526332035 -0.0845689953599806 -0.07219202516415435 -0.0404748924069656 -0.04043577369847221 0.014022388088102617 -0.149183357660574 -0.07485332142841515 -0.33640186843091785 -0.04936057909633729 -0.05111893808498324 -0.06663617666609291 -0.03587748343571876 -0.18820417960105018 0.06503024266175342 -0.06415086994205246 -0.31369051683987687 -0.3095265963223226 -0.12633005447924267 -0.1513264118349264 -0.1727777162979586 -0.27276041163424525 -0.12214053209994027 0.03351988932881736 -0.19907807506114003 -0.2780668619764169 -0.1314723721442905
-0.8951398113313815 -0.03357903731136304 -0.7501228484670821 -0.023044488704394746 1.440936517171789 0.4201400302401287 -0.15494015063345212 -2.2284077215223923 -2.0790382955943847 -0.9065601011896651 0.6968705420165295 2.4981193410335627 -0.3357940292391994 -0.47487483342747155 0.4715132918145338 0.4604583825298526 0.3470854356521797 0.04150681987631925 0.5602449235034874 -1.0598782680652379 0.38375579501553275 1.3275376885499153 0.027331142428051396 -0.5514276457960008 1.6449965656931875 -1.222712441096819 0.7584717900104105 -1.650813359187654 0.3662060428558012 1.1164241892906115 -1.0158183786571968 -0.36002145287017406 -0.39650738129084984 -0.06405039100485874 0.033089451957564756 -0.015307139934244046 0.432622361145552 -0.034443290674830644 1.823979095689391 0.5117984997184294
-0.24773947190078757 0.48590424233634216 -1.725337351226822 -0.580626011704747 0.6950332438336332 -2.016276704075491 0.8278659485917557 -0.005139039261360767 -1.4003723094110807 -1.1663974005555584 -0.38563820334385124 -2.5135446798220302 -0.031675814435914565 -0.8047710234992616 -0.15640262857407933 -4.41463181491199 0.10446946656455813 1.8286084817561858 -0.34986063010020485 -0.9298574816621251 -0.7975407646390423 0.9975433111529047 0.9173719061430011 -0.8070649067935517 1.4411272875830767 0.4721886519184527 0.38467339882850593 0.7542111192346019 1.7666588122565028 -1.6037672911948846 -0.8522036615577916 0.8917109994068729 1.6792577252460519 2.017604585898388 -0.9300705687999266 -0.5624856469182142 0.3110122299173034 0.9020855670778459 0.8873464925202449 0.31878994973387836
0.9508263442293305 1.196060817529071 -1.4646590596202358 0.08311134834273462 0.5013661211794949 1.1457492887956693 0.021929771968555372 -0.38428977233268025 -0.5647379074617752 -1.5167905392673564 0.710531907304572 -0.9670251031267154 1.753350946951129 0.39714416552778453 -0.7698191090063246 -3.5590148850537484 0.20283531124474533 2.6199641987407296 -0.18553376080660988 -1.414140962725777 1.2677190296208758 0.05339437435126291 0.5789810756072902 -1.4498937338375224 -2.0367370858463056 0.9861115106932907 -0.16629883164639875 -1.1083453058945771 -0.7423248672996143 -0.5567602402761295 1.9695758206027834 -0.19870469826230577 -2.0333511905829535 1.4983180210599218 -1.1166596536426556 -2.1145631463695653 -0.5122522335230133 -2.3681928409271764 -0.8034267198665394 -3.359628776798749
-0.39374976089111247 -0.10372559248431194 -0.16741165841535469 -0.040291000278436934 -0.07850151661459584 -0.01475969498040643 -0.0024925895778091286 -0.12532935813975954 -0.13357987781842431 -0.06101720775915563 -0.011090171679732991 -0.11255534689365708 -0.08344432648515189 -0.02952336804551173 -0.07488989241843032 -0.0677276902759497 -0.04573995844455424 -0.0695921888278874 -0.009345987634593345 -0.20787247228217223 -0.15341943411248973 -0.20889075298611695 -0.13628311753445083 -0.05709324303194314 -0.040044577392057065 -0.0653355587076587 -0.12718299171124733 -0.06144426967895111 -0.08908468811066161 -0.13251590735165764 -0.28133712878057654 -0.18692877037658065 -0.028448108012281183 -0.21891404685740942 -0.2057605514184343 -0.27136649343194913 -0.08657639250478819 -0.07731218296514832 -0.2634669323202118 -0.008449854958374662
-0.16575875747785637 0.02758557949865395 -1.0874612072730168 -0.4682263598257735 -2.009214558880597 0.29245687421802286 -1.3697352434038927 0.9860140811590088 0.1547473990559008 0.33781644376518466 -0.6856532776497524 -1.1574215274077686 -0.9325496260955609 -0.5507032622835043 0.13446448479477635 -0.6829954270136697 0.22825755173778248 -1.0643781790135727 1.0436907262337 0.2058353518354852 1.1472083169655063 -0.10640237852331014 -0.029530699621361785 0.6101941451719991 0.3987630023441951 1.3470269635866297 -2.0001467370125683 0.23934995402548292 0.7668906373958575 0.846680215799556 -0.5329230172478442 -0.9934132419821071 -2.057518508297241 -0.7872518726190346 -1.324134974896506 1.4269367667982282 0.5124505531226721 0.39150258684830397 -2.1741114843015863 1.0241661762136607
-0.6111209901676647 2.1305801346108684 0.7366451651966117 -0.3965117028686798 -1.830302569590765 0.24780607233715898 0.2063226442469512 0.005230689525985622 -0.42249581439368744 -0.21353610854106075 1.1852096935559502 -0.33493834285654883 1.0856041809851322 -0.13160693835503073 0.1231039275265913 -0.43783934294738275 0.4043568493018741 -0.3186527326923748 -1.596139247714403 1.869068148534556 1.1413656828206469 -1.2198307637559762 -0.3100626971464106 -0.8800383273205451 1.4389223038356744 1.0200255441649841 1.837546554744954 0.14476707432563124 -0.62257153660748 0.23694678919587422 -1.0996123564621734 -0.9740487413869328 -0.8453461936917293 0.37964027959960395 -0.5524359917201128 0.6121309472152467 -0.11254436569236612 -0.28679453330547916 -1.3443630906248383 2.8025068871262255
-0.10794721307748005 0.46966528958784143 2.0581903687996874E-4 -0.7049117183927097 0.2673747489145499 -0.4214673198836368 0.3288093278685532 1.1786913290539136 -0.2613079713783409 -0.06372670047028366 0.696741218154763 -0.7227139492412564 -1.0216012754264376 -0.670286979843948 0.11399418515382798 0.14421128288969975 -0.3735378406301889 0.2994842983744366 0.043249652748076635 -1.5896307559175715 -0.15114599529773334 0.12349254778951878 0.07335058357291584 -0.22141062783832738 0.7855108290946204 -0.3918509223908767 -0.6474230836869254 -0.34083326351379567 -0.9512358922620878 -0.8308221479932887 -0.3652012748541588 -0.8295101464619777 0.827626664130545 -0.39448411527962596 0.7142486632201901 -0.20096490321760624 0.3280270092265065 0.8293078598195703 -0.21158839246794903 0.9282032533799964
-0.2041372759209578 -0.829064775026629 -0.4234208204032248 0.07724883172820783 -0.10201435705406761 0.3993854409457883 -0.3313205898326318 0.27420908760841606 -0.24229289795764833 0.4424403778937971 -0.260722614284236 -0.813524131359738 -0.7266218784369227 -0.22957818059675894 0.03511609414181993 -0.2833542971389265 -0.06542879176329863 -0.549631196342401 0.7991774184035062 -0.5149821444913848 -0.5060320146902315 0.8745136647655177 -0.19764267363101995 -0.04544518337643337 0.33511419917057383 -0.2733185880612693 -1.2933272238192695 -0.18411058386870724 0.9476846316700344 0.07273068331125482 -0.43713380019750403 -0.01773350590882919 0.07750604006822778 0.11893198138599682 -0.37765766844438203 0.3438934575343152 0.18973084429465073 -0.050738545854114026 -0.35017069885043484 0.45756318848461797
-0.26963522170353477 -0.422098043605005 -0.6383619877356081 -0.5521744006780832 -0.565922197177583 0.3770283229185865 -0.23463258761409056 0.5136907689323851 -0.0012048258304520252 0.4506123202933735 0.3388300920776894 -0.398196647462479 -0.33584316928420893 -0.30667721596192354 0.05734488666405766 0.3691981751968335 -0.16843258683827478 0.08197938362417213 -0.03694241936545719 -0.21271641017918458 0.47714043603333084 -0.29398043380689687 -0.1340255389421413 0.035535639261969114 0.6039363478048332 0.4227829452150183 -0.2184134022032875 0.23560917510173687 -0.4876051422867044 -0.15768414500991154 -0.2959830511285385 -0.5748632854663326 -0.6563267682909402 -0.2825271957742444 -0.38553999412344236 -0.21840859719937142 -0.005080507315802399 0.19133510305300075 -0.48103827875376753 0.5316403542516199

2
0.7157464327299011 3.694172704345518 3.2139714818286085 -3.9338943856520587 -1.263684303260014 -5.207624995622066 3.102666305492751 -4.696569339115917 -0.8608655939525525 -2.843719857923366 -2.3944897756395633 -0.02732509919374292 2.0154557080229174 3.0336483568068187 -3.446330651281543 -0.00501597756233716 3.2406793870536044 2.219268589509424 1.4139431503746316 1.2434821503850106 0.8500299851928228
-0.7133641917214337 -3.6947218252436462 -3.216394168899462 3.933323096252473 1.2438107160122853 5.206433084618558 -3.1039766858861086 4.696360256109181 0.8709760581917116 2.8416851729969617 2.393850311183654 0.1246699361177212 -2.01794801429199 -3.0336331763899964 3.4465161344727155 -0.02771445245400174 -3.239399111428964 -2.221832833801082 -1.4133773662301345 -1.247283210193497 -0.8589915320310937
