1
0.3 0.2
39 20 2

20
-0.06034677777029169 -0.9823791851961003 -3.3153538295582705 0.31174870855225706 1.5544516829780874 0.5815949437749041 -1.7177328023937042 -0.6462764337306431 1.1591988870805843 1.8634361631804155 0.33760004719327547 0.6565397683080563 -0.5301121590201919 0.7299279028786001 0.03669165381847594 -1.025124355552623 -1.4573537100020948 -0.76093458323532 0.835634888627473 -1.8533965232019405 -2.065726444642036 2.9956118802711265 0.437777200540605 3.163543977432889 1.1478263278229464 1.100842901765145 -0.7090233908440242 -0.11642598177624924 0.29285163277117204 -0.0524800952032142 0.5583927661264786 0.6640582424220409 0.9812309849352949 0.3269327800974817 -1.5794527210308487 -3.705400881834824 1.5766404056895509 -1.4003177170470211 -1.641050597685689 -0.2727915412798259
-0.35190537253678406 -0.20269095048813016 -0.2855791715987023 0.19474793646815616 0.07506669131038328 0.18286451335050494 -0.27893810708147637 0.03192263686451223 0.1767370261921734 0.38746002246263006 -0.0325118256753722 0.3331628818925221 -0.570972197439173 0.16495390425853396 -0.13963201800958422 -0.07207119011708403 -0.17188879410211433 -0.3980877604918943 0.13772342786109754 -0.37868002588530325 0.14856795711098347 -0.20952575261510734 0.1110534816108457 -0.14060627936266407 0.016215730050542713 -0.027641919741046853 -0.09653623770748006 -0.05950028696547274 0.1701725140003733 -0.23166511148818023 -0.037247391228607755 -0.17285162213862318 -0.4170502200327521 -0.21150296555963213 -0.457042156237776 -0.4469380550720362 0.06365968063687187 -0.16927299928730677 -0.21417548077893944 0.035502715290933226
0.09641477658943404 -3.993005722909578 0.674645328042094 2.3936743206308213 -2.0888546124414846 0.1386633936388387 -2.269601611101867 2.058692322505892 0.5233322729961525 0.9018299758506693 -0.0032413266036362557 0.4395767596000206 1.691314059363324 1.469145025339757 -0.021096528341150052 -0.11087833051832167 0.10428761269199836 -1.5679971425802568 2.519824754488646 0.6633209087069257 2.3670778078645127 -0.05506520532001054 0.9761471187397835 1.0751768359021296 -3.7924817185656945 -1.315978960751408 -1.1593520840657405 0.10560828651762856 -1.053944324722339 -1.4495518654821422 0.6524105345656411 2.0438710551441974 -1.2292719967543195 1.1711129814623644 1.5509549771994682 1.7958944137328021 -0.5930554750411152 -1.7168269903678148 -2.994294276002514 -1.08379230118959
-0.517481738252983 -0.2152786691797489 -1.017003959401513 0.514254995515622 -1.8302530216756214 -0.20122322888896405 1.1824326407290529 -0.35846498084089085 0.19569487098076777 -2.3009621313901576 -1.2235015555906747 1.5715265737975852 0.15390367854911519 2.110834368971004 1.0073088689930003 2.0157284170653345 -1.2047552078970927 1.314099497293828 0.9658826309887719 -1.0383893123064962 -1.8870615544364797 -0.025329796235412323 -1.1647851680334267 1.039768344216349 -1.9202766897556174 -3.620349512355356 -1.393022844705216 1.7708051237228004 2.09469182450667 0.9701649914848341 -1.2956487622386486 0.9792237540794813 0.010266221271989328 -0.022952644415444153 -0.301481138772289 -0.6338398696965761 -0.4531630759485242 -2.127935029086538 0.3010753428486712 -1.1173197131775252
1.8894072007444678 2.3436474558762335 -3.678516013628585 -1.177868679798486 -0.3718111875116649 -0.7047158683231838 2.993248495249552 -2.598077239456362 -3.363026918152878 -0.10609771279923537 1.1949769757241775 -0.14975609887587266 3.425403625731964 -1.176270896358371 2.050719563211187 3.5984355213217643 0.3369760596371617 0.24445995486522082 -1.5900196288896176 2.061512308293349 -0.5520175756122887 1.1527950627733363 2.003320549294368 -1.5502925022076652 5.193409280708088 2.145665882619277 -1.0571044153334352 1.9658467273456142 0.34165564639157475 3.5624236049554487 -0.3535714354754529 -2.284173621393845 -2.2290132040679254 -3.020789108271516 2.4756652683114764 1.0930196186909407 2.1858297290334456 -1.562914669633074 -2.3082090440891845 4.491427221289547
-0.10812084854483693 1.1895646139535054 -1.6793240207823263 -0.34688558481965265 1.0267927762617566 -1.177096459776973 -0.6442506500677482 1.1907313439927625 -0.03974888646716277 1.9277694522521003 -0.9623735468386024 -1.5056235458908376 -0.8912992305737225 -0.04710288336819723 0.530348142847548 -0.6138043237747662 1.350519183265782 -1.077608572272884 -0.9075298024638647 1.1283516388998842 0.94272366745517 -0.8781664204552898 0.3218935352076022 -1.2255674833863055 -0.11084692778703252 0.841124516162142 0.5560023674847138 -1.2589162976511963 -1.253252177161769 1.439409186136622 -0.45284774713301523 -0.875374810448472 1.2330684781280257 -1.281292884439983 1.2227287401660452 -0.9860069243110648 -1.3240732464547273 -0.05428466099649195 -0.7973362694200598 -1.6302641305027705
-0.348423068306261 -0.24504410556756748 -0.10058766179734788 0.03479408669929611 -0.10705854051482153 -0.054650632491040615 -0.10407347653387625 -0.11119821071977314 -0.23204249196936605 -0.04998665784987299 0.04100328169511555 -0.11465089274097189 -0.0943266604756342 0.0328043468820964 0.05623844940058625 -0.20430718331040515 0.11268703676651949 -0.023523133286295562 0.0843012730679439 -0.13132243449725492 0.01268388229114927 -0.08434050024129786 -0.2104406687364998 -0.007351288726276793 -0.3173006894445766 -0.2727712744998053 -0.3855023350127729 -0.061746341764076125 0.04372709684833877 -0.20971978626154092 -0.15685885947387315 -0.22329885696463322 -0.13815079733381905 -0.16645640976051246 -0.23051932923440385 -0.10166555237000487 -0.17450413297538428 -0.1839411450202625 -0.15882965279334463 -0.3089417805398609
-0.4409358541421169 -0.29429972588500103 -0.09063451168466827 -0.043391671676081066 -0.06364312179843369 -0.014777904429204404 -0.04582564134194347 -0.2375280204895076 -0.14276984591848163 -0.10047863676305842 -0.01668581683215621 -0.19487231627422022 -0.060381561316039827 -0.019417423831159422 -0.008603469685033274 -0.1869969280709564 -0.013757790132476024 0.0034429208516855102 0.028594883685590357 -0.1758190369150776 0.02425293422800022 -0.06550235104398928 -0.20082388826398687 0.023383302424144093 -0.21534277862640125 -0.27427986066367854 -0.23056438173946806 -6.67722141296843E-4 -0.028560813533001363 -0.24550738466434557 -0.06916841715433936 -0.16091535717942113 -0.19502965666847685 -0.1367277862311658 -0.21659995595641315 -0.2540962193621471 -0.21268965952493793 -0.18320686532164376 -0.21582437992469924 -0.11804940738415678
0.2729302494946253 -0.3649378946160887 -1.1126515231115475 -0.10683758137010237 0.136063908742287 -1.2875240306525786 -0.742562054483493 -0.20443708495128624 -0.6229928474303115 -0.8375395452872579 0.008362652950167797 0.8580649487592615 -0.35029315453930393 -0.9744382040764509 -0.466316161118265 0.5060207401657971 -0.5346465317474015 -0.70577356338051 1.4244582852633907 -0.20908771252454997 1.5420424124041925 -0.6357867561300156 0.38276082663247507 0.7668229000062978 0.4884808494268095 0.6604532989630312 -0.7860670195566825 -0.496574905512475 -1.3757539513756465 0.533190520058527 -0.3766134718802069 0.05466370412548106 0.47763818427729193 -0.21802518387300074 0.1832182741806718 0.8843966936434501 -0.4362647821044828 -1.1021580515705798 -1.0400179269502445 2.0626716642274534
-0.6689768111194386 0.9907483825719833 3.5292303727845886 -0.6693399509408008 1.3359920455241885 1.0699990911172157 0.6042709430209202 -2.2127313817720062 0.17704004815722077 -2.591343606329902 -2.2691180157213555 -4.664104131398028 2.28217776422454 -0.30885372886694645 0.07939875505412453 -2.4501073514992724 -1.0011426792966545 0.8237551706480107 -1.7977781699648379 1.1341171956400748 -1.7155524860616114 -0.6396037775156901 -1.4963400980116384 -0.8839479324901731 2.795815199573494 -1.9964022732437587 1.1089808458912203 0.40170314134553897 1.3900024121889285 -1.692426139593064 -2.174843259420503 1.2612829675900652 1.8959998429464255 -1.3549247939687643 -0.6523136327601322 -0.045268287022332335 -0.5375722347076118 0.3556889076111983 -0.4992489070232326 1.9868523388457264
-0.44680953368843546 -0.9702045634753117 -0.9498317714910899 0.010083764249456189 -0.8272390549474896 0.3265673699385265 0.8328950434152006 -0.056700236556975724 -0.14108565459140346 -0.53558514053881 0.22715527719153245 0.2354069905166457 0.10850766152798107 -0.026680520473652734 0.15510098589318352 0.604625183261424 -0.03597943112316013 0.6361465612663908 -0.5897483712254803 -0.1261744613797959 -0.2389284037794284 -0.22384965537932702 -1.2525514078696964 -0.25059776579573134 -0.8115751934825026 -0.6450995942226189 -1.2984414264143471 0.2015289964089339 0.605710532562753 -0.8127287293565303 0.060678592023751435 0.7656345825387313 -0.0708420202239253 -0.29293308645090516 -0.2459291298789994 -0.4884157431697411 -0.7139224476057491 -0.03872290255009031 1.0996365574174405 -0.07255081772450382
-0.5475307232037593 0.1252537061242011 -0.07666310072125142 0.951049247757772 1.0383647528649556 -0.49672477859240527 -0.007014425725221703 -0.1940862602279356 -0.39141155683078316 0.04735952191884883 -0.22313341237213663 -0.5599885653414941 0.09513716497414995 0.13263359437070785 0.06414721363179507 0.2008714942878848 0.9970864394058364 0.5756329611480375 -0.229563014731939 -0.31289532490490773 -0.11453417558813081 -0.6094670838961713 0.028343471451049672 0.061699092573410344 -0.62052793383726 -0.5569996828169335 -0.3756727971956855 -0.3191511821187694 -0.8500081923568379 0.5388355356671016 0.03127486786829325 -0.731479026400655 -0.1863767189182058 -0.03526799180904685 -1.139078045943133 -0.8166893826535512 -0.2596898426746646 -0.3709462063657015 -0.7326221864791805 -0.8454502929497659
-0.4076231904506149 -1.9680328540880048 -1.4328913252762883 0.8880241818187582 -0.18359133492598773 0.11810960097131042 -0.3428485195833683 0.31980534765353424 1.3335076854322299 1.1912427287733356 0.25203768183219355 0.48756781779695846 -1.5963016127811003 2.7642849819932596 -2.593503984164001 2.6005282051679104 -0.7438175910424802 -1.9124954861431334 0.6236865013684407 -0.8185333531082264 0.30123624689866013 -0.06539818220006119 0.16227904784263752 -2.118464921226762 0.7790719472697546 -1.3373516079264274 1.4842260887295358 -0.6364620234329077 -1.0279463804174482 -1.9967751450574416 0.8717807846734968 -1.7344246210730105 0.4533542944764586 0.8311986566204393 -0.32316324568603655 -3.5845027767803934 -0.573841844728614 -2.341319784797266 1.4727603082897593 0.8642415963341689
0.6710324656244446 -0.4560823664083651 -2.0137354964728784 -0.14312986969591035 -0.8695694432624461 0.026574248967553404 -0.4790555162009858 -0.6818073339873055 -1.6186281612128746 -0.9170891358662228 0.5952840657291153 -0.1912280472300141 -0.7661809542978387 0.014399868956268196 -0.39486350373212814 0.05754454102760876 -1.1827824858905844 -0.21400498431267542 -0.23245099668777391 1.2375997724227201 1.4103252263642945 -0.4924918762565676 1.4309293670724996 0.926976487641101 0.9749744881869238 -0.7424588606315763 -0.11863705194027276 -0.2301301429808753 -1.8027144753229392 -0.24668678039125605 -0.29356474043983277 -0.3122285511936868 -1.5113833485499781 -0.7822124214888185 0.5100430323655715 0.43977811441351605 -0.06476365753712354 -1.3712612145382532 0.7249248665392768 0.9311867827751619
-0.4693844542048984 -0.26528258973369523 -1.1112244339573047 -0.016121214405997144 0.5420965693521099 -1.019670813530546 -0.46655824969708976 -0.6255546086290884 -0.7265953876739131 0.02622158658187796 -0.31229055704543257 1.6318215557067473 -0.8115960489537546 -0.21441959121000514 -0.0916563322378461 -0.25195385484031235 -0.7821196842650061 -0.759442912862253 0.48813370845052656 -0.5634147757309608 0.9376531887134074 -1.1524609427118382 -0.10484649993839688 0.5423201726341006 0.5090278275000555 0.866205156993567 0.41869899259253884 -0.7830650204945246 0.25644816559001865 -0.5784750478095392 -0.5994228599935736 0.5735171740510444 -0.47375046063856424 -0.661284712982411 -0.5168855026626112 -0.9104085204427144 -0.3193534757705816 -1.2722524538780813 -0.1247172572151266 0.8736876983102061
-0.3968885609565164 -0.2098222541391077 -0.0728259288613031 0.13680529671935765 0.17911377030577458 -0.20058186875947917 -0.01757231967203939 -0.14895530317052336 -0.3247012601762882 -0.03624949557969607 -0.03834615213080754 -0.3378814057625564 0.08400519732782685 0.0825931820332784 -0.02488563670847864 -0.08897243964583873 0.2416319265570447 0.14898024541537805 -0.17668247629352224 -0.04617699794942068 -0.08421838750446875 -0.1635073851032696 -0.08164978890250169 -0.10454611689660168 -0.3966803986711769 -0.24210191366273057 -0.15802906922521875 -0.09103487124251809 -0.2509223200090689 -0.09025003644062218 -0.012253827492098196 -0.21639095871133596 -0.03843591599222141 -0.17539984979457324 -0.4276445875254257 -0.29014569010578395 -0.3023965374345022 -0.15546745239334653 -0.3143036329997412 -0.37530313113775904
-1.2096991258137229 -1.192206956276949 1.5171312121760916 -1.8420256664018797 -1.7864487133954972 -1.732560455140679 0.028479485537552095 0.2975908728705223 0.3603876142000552 -0.3981741728877294 -1.2582622856054986 -2.254280370335269 -1.5869157468826138 -2.3521527791362 0.22280710165712173 -0.4743554824747513 -0.8040026486531341 2.390622945572933 -1.075720659491733 -0.43393341654295986 -2.4796435333264055 -1.5401167133220972 -0.8465384303690884 1.066753341785668 1.0633172370015789 0.18185987778803456 0.5222118101857073 2.2303586447768757 -0.3498886183431093 0.25033596984348655 -3.334667568158023 1.0482005120737439 1.4913217634127547 -0.7623615814396772 0.08278612811965708 1.7725270842852652 1.1783775208520524 2.231589636069093 0.21267026546983475 0.19581591971448128
-0.4280325758592688 -0.37827767277741087 -0.11608936919453623 0.7688639172682449 1.0530685418916843 -0.01516852435998564 0.115093925326348 -0.20005020679784208 -0.4049896123674333 -0.07239689737568013 -0.12037997022270838 -0.540462875523949 0.09265784864165773 0.10239788379479212 0.18819060408231314 0.24281835799380258 0.6588782780722308 0.7273774529237328 -0.022700790065166548 -0.6261097406754169 0.4573508412319845 -0.8115794370667639 -0.2445246370235837 0.1558402373845234 -0.8482184117880271 -0.6284570805184032 -0.9415856996239628 -0.1763528870075927 -0.48044870412894175 0.28319678754827565 0.20285804859772652 -0.6523680491285611 0.2815549152570996 -0.33702719630758265 -1.2099214794275177 -0.7673602131319207 0.0656199736578424 0.3025634301261687 -0.20946325050789563 -0.9598856107682788
0.006372104663560141 -0.2714396255378668 0.02820792655251956 2.5684642564408025 2.1844064472476132 -1.0817905166982156 0.9239811508243061 0.37065290783356425 0.2795257123858555 1.2833410253982849 -0.8294163573682712 -1.293355964108842 -0.23088270487875515 0.34603743352602706 0.7955883209130176 -0.4780251477318327 1.8532775412551281 0.7321648795324909 1.4142785933454929 -1.1959669220279376 0.17569639357458222 -0.2092016614093785 0.1691679659568518 0.7769294705425176 -0.9001202203207187 -1.762880066664847 -0.6533794005048209 -1.3458006504780695 -1.0320604975524645 2.0669058565186247 0.7303453588022466 -1.7534727584975451 -0.5036860554759756 -0.04874442274741859 -2.475857471389786 -2.041405566905402 -0.2942938124687216 -0.5038912548253747 -2.4003515914485316 -1.5792062979327712
-0.10109160145541182 -0.14750436239550407 -0.6760729452920564 0.7164326988232667 -1.7070211868954108 -0.4955082274232319 -0.7083873311166723 0.7582171205743822 0.7838773408989212 0.06752962014118125 -0.6654469634701694 1.0414022300789954 -0.17675013447978766 -0.4474597381213469 -0.16317169221485675 -1.5439982488359902 -0.23743837169734677 -0.6074482630164264 1.032938789912895 0.37058256442160425 1.9732661802449916 -0.9736014937368921 0.2634789634880957 0.5108261694806306 0.18858678957658578 0.6139801819586054 -1.86806508428983 -0.38975843861993564 -0.8730871585147023 1.5305076984074648 0.009412700039284004 0.19745544818387858 -0.8730173034321731 -0.6639357251965832 -0.03398013307955887 1.2421129214559685 0.8439929961215292 -0.14556168036489203 -1.688283923171814 1.453919698972631

2
-1.3787666479467555 4.823015646846769 0.40844796461938626 -3.585262161184586 -4.124012721202742 3.92285716612059 -3.445119471795013 -0.10512316772139142 -0.09080242065039278 1.7712383063419297 3.3808508808167894 -1.6250313202446658 -1.204904184159074 4.676954895638679 2.8464822133494203 2.327139458853973 -0.3460699561319689 4.271953565751856 -1.1556872684566786 -3.9070910104719525 2.6034069595719633
1.3711548442005306 -4.8267658982602 -0.3735215700941403 3.5821497468720076 4.1244417731980585 -3.9216018533499537 3.4489974128581586 0.09834560121493822 0.18506546631545925 -1.7650155972691104 -3.380899984824188 1.6227012009705577 1.1688523200979561 -4.680312169735488 -2.850203108619456 -2.3503118705711845 0.3588551233796974 -4.270728565466622 1.1472795633880604 3.9095331787067336 -2.60772098271697
