1
0.3 0.2
39 20 2

20
-0.9332124151571972 1.5417763597917629 1.3414370103541662 0.028302316491897964 0.7226913230712887 1.1926335827691035 -0.9708237632161589 -1.7845446291383493 -1.1138500959210198 -0.5343532009844951 -1.3001887226397957 0.696736457684996 -0.019516965681751954 -0.4551214292469315 0.3935506125509445 0.453861443516262 0.7875495969163309 1.5102224502141706 -0.7746671504662933 -0.8263425103766961 -0.507046831669125 -1.8974028308936663 0.6522894123373123 -0.5256289762906583 -0.8692307556631734 1.1346232643561736 -0.8024056128661917 0.11239649403122932 -2.243847838795744 1.5624613522955733 -0.04961510375619124 0.5321974568072835 1.35855404768507 -1.696224630167587 -1.7166452428843875 -0.6244112422466305 0.1615354070736636 1.6628654460092287 0.5127401603732141 -1.7292594059871798
-0.31330040548634336 -0.21943255254455793 -0.3794088135000676 -1.619304016934216 0.411207323793564 -1.463898073892826 -1.0699677452636605 -0.43472982563662393 0.9456791505179729 -0.6595693248911294 -0.7581918308442853 2.178641264013932 -1.6415665929503298 -1.0648826027380984 -0.6214769160811697 -1.0923468779737173 0.3122281654448472 -1.4646404837419744 -0.8950530223726978 -2.8287313703123735 -0.17714686651019546 -1.833327634500771 1.5123959956833868 -1.7803532791293848 0.9870701663257875 -2.4284715504917043 2.793852020601639 0.0014131647590980684 -3.110761083052329 -1.399663121848381 1.6803917195535618 -1.7393689240784942 2.352584685542487 -0.562838672817232 2.4202602543121152 -0.6511938975154494 0.6314947996743027 -2.3869785028171076 0.4468174352174588 0.32814199565506097
-0.3686872482987314 0.23505901829654136 0.1131229692397483 0.10967458727848388 -0.5945849009383813 0.23097107255578384 -0.01907179768918008 -0.09816548835066997 -1.0251370510999542 -0.6703814959777321 0.10898245450079073 0.3740266891012326 1.0096121865788372 0.1305098572083796 -0.2853634947849323 -0.18713627270562003 0.36831528224001386 -0.014303466229301147 0.5168613000002482 -0.5136573253475009 -0.780123390377647 -0.0778334689642836 0.13151199191780594 0.1279743832444564 -0.31408666276409575 -0.14397496977684016 0.8790719691314617 0.19203918947921325 0.9397371213906767 0.2297230242818347 -0.37788046745774606 -1.010483081780526 0.7465834857584592 -0.2218812145539622 -0.25380771370924676 -0.31407132466315046 -0.3234273420146654 -0.7991860406935323 -0.10482692595995868 0.4440717472174655
0.05174217466336446 -1.2342481913141932 -0.6394458628760032 -1.2795389210747958 -1.809240249745937 -0.7459962600049128 -0.14000406501015913 0.15579831559083201 -0.598299257241373 0.3591308816770811 0.25598174557681785 0.5899731995427407 0.8098907093336313 -0.23937067353352684 -0.3243446793890311 -0.8469211895027644 -0.5773051908243755 -0.8084736587298962 -0.4842758433621672 0.3371250062956048 1.1232931000035467 -0.1712862604923606 -0.02264419115475658 2.673460303214139 0.5005547607652374 1.3160960424940884 -0.18640113157336932 0.011358134523349366 -1.210729373364464 -0.016939084825171192 -0.4324486335559795 0.27744952108645765 -1.5562770448098704 -0.3844836983618952 -0.544320316827508 -0.02505509214472511 -0.13956612891678144 -0.7347253475622832 -2.182976197043884 0.18993149365227238
-0.24285973784214032 -0.13114065237250247 0.006750834276119159 -0.026156566020502776 -0.07590316476690646 -0.1427316153253783 0.07219593528666597 -0.25446232729031454 -0.4616725952654109 -0.18558019727414993 -0.020944896537031216 -0.05345252607083839 0.09406285619679947 0.017602708966468834 -0.15238507401286308 -1.4788986256388317E-4 0.029609572299346357 0.06296751539231087 -0.017178799985276494 -0.15547392627360618 -0.0876313718865333 -0.2316909568521869 -0.03314618199138092 -0.05120720365953181 -0.2594554217358938 0.029031197255694613 -0.08037768779378472 -0.016485403995907918 -0.02344898729786925 -0.12030757003201543 -0.17131209937444553 -0.44831747156736224 0.07620998531084619 -0.10764681372272362 -0.2659466535166348 -0.21732558905748459 -0.06550319192780042 -0.12697473047938135 -0.13635661725240422 -0.17965197319515064
-1.0281301140856323 -0.4787415692682904 -0.26907823750298066 -0.11007894258565476 -0.43019638817053313 1.8016085006434637 -1.5313496640668833 -0.10050383201995736 0.2543697020402777 2.393695053516126 -0.29822050329346267 1.1614583991247178 -0.8208008093216509 0.22835545758213066 -1.024690644558677 0.6038129262525624 0.112530226968895 -1.2896841032158763 1.0535539657980648 -1.930379422192776 -1.6336178940077308 1.3597718459847312 -0.7782553865600897 0.4389749223393985 0.3291493950796136 -1.4136311164761854 -0.7923777856553104 -0.22672341583409 1.815950581284193 -0.6870956147332447 0.7311748684087453 0.657885755882782 -1.9622101076358436 -0.45506508222865855 -0.2684620495615723 -2.0283265284531105 -0.6242844803855483 -0.9404059626463283 -0.22441172374173773 -1.9192334887995048
-0.4446326429370361 -0.7324738609938293 -0.1390500499112191 -0.40112944773848125 0.9197686852285373 0.3606541250886406 -0.3509897915106231 0.7122974202565867 0.6505794111327368 1.5996583546203647 -0.2008901645220786 0.11128336635260491 -0.7106378157092094 -0.3675402431382664 0.26761168306547506 -0.5836019664773161 0.012841140807279881 -0.22897226437029292 0.3827117721921884 -0.00778634519863669 -0.15371770820283306 0.5627480645588215 -0.3604744785100821 0.8366652842569875 -0.15918628563851203 -0.35115479484086054 -0.4285477526363356 0.0038223989872494353 -0.20934518739800181 -0.2768301974446423 0.8644688777645437 0.34540229248174487 -1.296860287969174 -0.18982143303060256 -0.5125065318298138 -0.672129690264192 -0.21608321418904505 -0.24481818452025564 0.6898812290851036 -1.0290175768234273
-2.9242248740720815 -0.04545668025917098 -0.29933839758671466 -0.1075769520781442 3.0518544558071397 -2.046364136686546 -0.7817273929530097 0.9000405120321698 -0.9948248643671886 -4.1205727985090554 0.7665362888403346 -1.910163012943391 0.4018963733222057 -1.3318429166141417 0.16099363336926167 2.585336983097658 0.31914846002924996 3.099789864081118 -1.501479201646616 -1.905499282938811 -4.861433010941421 1.4357615851727772 -0.38914683971048286 -2.2148688442721842 2.667207453505151 -0.7266403002311839 0.8339612784910541 1.8848087059781309 -0.7818406254423131 2.249323376377206 -3.28945437298365 2.870597646660336 3.184351807819848 -2.2843975664537393 -0.5687169506908046 1.890047518373147 1.4961124888468826 0.14731546147823182 -0.6709495734682374 -1.141893920398901
-0.3250380468514918 -0.1342684821981571 -1.6129328689131206 0.3994299157629701 -0.1256770287366666 -0.2496996784408572 1.1791446316911496 -0.24805460653284453 -0.7294669729382824 -0.969646244110142 0.5434351171690213 0.8600646408345429 0.09271994937923478 0.05685874397108247 -0.2562593434935081 -0.758295669456257 -0.003642918993696328 0.8798610853502402 -1.0131412647441678 -0.07698413498087536 -0.4899944646020174 0.17639093712735107 0.5551730274507124 -0.7770487534420172 -0.11859828702694139 -0.1424170134546328 0.8406454911009512 0.7970021858461285 0.49560793278934484 -0.8563504665770627 -0.5082936638640259 -0.22908751832372506 1.076061240649543 -0.6138700173202329 0.9352543312495232 1.5297423629241729 -0.4755631709240708 -0.20350218089075095 -0.3085021947928664 -0.21480850097424406
1.0750326918463837 1.1263924845832092 -3.360042176506557 1.8645933515339586 -3.0379826383787187 -0.8922884083795315 -0.03164625426696751 -1.314954007882069 -2.1547192854529404 -1.946295895604007 0.8702209721674685 1.035319948378194 2.065981189310011 -0.72680111837632 -1.0333489210553335 -0.8823700465204175 1.5143739162829153 -1.760345166402534 -1.5497453139086137 1.2003666643091502 2.360136377049761 -0.7315183157648976 1.182027571280941 -3.092739497176187 1.5366942948158464 -0.3174523395917237 0.932972370160872 -1.0931341336305633 -1.863831547126866 3.3319782058439977 1.7930939397645664 -1.9254609095663933 -1.1794026377111446 0.8185884362708951 -0.9306951519378063 1.3599515295375741 -0.9016583640836872 -0.07867140313053758 -2.6787997883248424 1.270618128497617
-0.36578749229172547 -0.1346784206659453 -0.08841790066139386 -0.1652938793805364 -0.12660581604501295 -0.036535146974272376 -0.16086514178006997 -0.09381350276872258 -0.08462860384172909 0.10272692682904963 0.03460790365698401 -0.02941053480359811 -0.24852181721058486 0.07609437338682566 0.10711227776708954 -0.03095055289750048 -0.002184031614107449 -0.15171726795792162 0.0014905845667083175 -0.2041455955667516 -0.07668369549791093 -0.2600799765198819 -0.1594693936395784 -0.09085506432946314 -0.04784443270247799 -0.062305429879143275 -0.10635706680552735 -0.0043936796752752 -0.1637127836666634 -0.1667764558961579 -0.24027694550612372 -0.17697041138691386 -0.17523433675302963 -0.2714378877551445 -0.32378025915942854 -0.20022727316319744 -0.01291634698415741 -0.14803842509339002 -0.27433708933644024 -0.10872403219558795
0.5387371452944776 0.4053082291332794 2.8096267216732747 -1.4627128325505105 -3.872781152834049 -1.5153098141997583 1.9217854881360243 -0.654376034941555 1.1963417732256258 -1.2546314212263816 0.26168717293119054 -1.9173469461857668 1.0185501551562401 -0.17689311221318785 0.5976072137937447 -2.703458348730862 -0.3254854755056143 0.7382431619836295 -2.9810718818501973 -0.36755221375197117 0.03467093306050107 0.6076424377745997 2.175762854614005 -1.8575029917746433 1.0257398786047303 -0.6546847775618523 -0.7139410596099428 0.8427482133612509 0.004632518070070393 -2.499366672991301 -1.565098738612012 0.40373106913949425 0.5024752203393973 1.4781471610671773 0.9602664085202416 -1.3044160902744977 1.8626603291508053 -0.9641686399372061 0.7633691679234225 0.9825102970499408
-0.39447680082704206 -0.24484189772219872 -0.2831843900593378 -0.3179658204652392 0.07560529986133925 -0.0879942605228329 -0.2179782656194021 -0.22427716407141424 0.06315148262682917 0.22091450001641555 0.012546158240210648 0.25338461458978695 -0.13213281883324823 8.942771970574423E-4 0.1088343768843404 0.14617556037083457 -0.14215230264760148 -0.28439098913976474 -0.12984286669028433 -0.09577019183840245 0.09056046400576463 -0.2561933264277564 -0.027798830369255415 0.06377151990472439 0.20240810310178003 -0.025458326165048478 -0.08603064351413701 0.07302500482379681 -0.18189279786383694 -0.2058958956424535 -0.13264134658457702 -0.1416546595791462 -0.22924956581448347 -0.2795555093602856 -0.3147839079703757 -0.4209048533800397 0.04958819533436213 -0.45152247041193105 -0.32698186368659643 0.011634692468299207
-2.0967535000795605 -1.2206410482458283 3.2834181881386675 0.9058649876714425 1.3186859473835224 -1.5007847086939294 0.3003652158868917 0.14325437034770822 1.852378053955588 1.2901882426149158 1.3829190751509959 -1.9817809499401116 -2.405974668599144 1.7574782141510146 0.6112053597983389 -0.9763255203142244 0.04877831266356856 1.6026712897400068 2.1845716524160856 -0.3480328097456272 0.4383688263955301 -0.536458055213003 0.36833795998758634 0.24170078762193617 -1.8462992661064626 -3.2723946691066703 0.694146015878271 0.5934785017003369 -1.0973917872994177 -0.4583659450094786 0.9571633641649648 -1.0461008353289631 -4.928431440225505 2.3703616030407773 -0.6622716090210999 0.5057503205699448 -3.57532197439097 -1.7070208339030466 -2.83412552420058 -3.2621445207880333
-0.003609011680802134 -1.1162024207263097 -0.02671980144192242 -1.2548044825762863 -0.7176304781061275 1.5079671937503571 1.3415972259484188 -0.027735010215994928 1.8607906563004883 -0.22524033152626816 0.594100984276301 -0.20096036027518674 1.083320535178417 -0.4648734894813294 0.3122682671418373 0.03615361887825489 -0.5638617545878623 -0.17995385221744634 -0.8521579105937104 -0.2604036829073386 -0.9151026870474261 0.3794487232310321 -0.22082729912618643 -0.07276181384500228 0.9946257507940258 1.9990355214635513 -0.6025579351707278 0.702709524536321 -2.4198509623226676 -0.9655175973830682 -0.700367562213779 -1.1165480343607022 0.11684326713756317 0.7967583945498629 -2.031109414251601 -1.3775998979810284 0.22366679672995665 -0.04622669777177779 -0.2896061831836457 0.24450185531655486
-0.7182496483272238 -0.4451887464573887 -0.5246588681984381 0.752912844491412 -0.4178419102587994 0.9097415530329106 0.9143337983209584 -0.2145370884183171 -0.7541344102844851 -0.20804482301830343 0.09078211420381084 0.7851582339712577 -1.1638348503086653 0.2916227556490689 -0.1702156590848812 0.78946446757929 -0.03937456912918249 0.7857256463006396 -0.14280065327828004 -1.4353489771387395 -0.7105755277447232 0.8279759366432331 -0.3301790690216582 0.7486078965302306 -0.5653793624540012 -1.1550104232287275 -0.4336014144834411 0.6983137339105261 0.44019426841517545 -0.2889402920160722 -1.0156463563658684 -0.36344718285332267 0.3178179307841912 0.309360581032665 -0.037223099809193215 0.993420584293429 0.09861589139195359 -0.21321747884873532 -0.18914802783442985 0.7174601403160636
-1.8012414377977715 -0.8733704509317642 -2.4959752757580795 2.2175244738558684 -2.168925722365779 -1.1441539797642992 0.9847388620416152 1.2147114046880643 1.5271137867730018 -2.560386428248411 0.1609880390670422 2.4077530179951556 -0.7366355779423066 3.1306624133673453 1.343929402409797 0.9724956138406454 1.3362708739812263 -0.4330870556749954 -1.2616831523879728 -1.703979469452782 -1.6629865189664914 -0.2545891327623656 -1.6472267817096184 0.48742149532575135 -1.1643660664213924 -2.8723566779650676 -0.5851340691497758 1.579799618905512 0.7485950308468058 3.145342691086942 -0.11575883479925593 1.2184598995401454 1.2439179019119941 -0.25005570960256446 -0.6931013179663844 -0.9809704824899526 -1.4681537389910775 -2.865631054980651 -0.8005213245415559 -1.3077101233699309
-0.3068787577274309 -0.39926809318989126 -0.15097456317346214 -0.7536534173845874 -0.5247858418316586 -0.11404591352993737 -0.010863018845594614 -0.14795153320290552 0.0960003890056587 0.4129512666862701 0.21663353356316278 -0.04259300808273372 -0.11379688288437952 -0.20938001316298163 0.27085721102052185 -0.2558283785586492 -0.20140647802634692 -0.2148485132471258 -0.18247582807523072 -0.11114114862233744 -0.22416975497180697 -0.028704216129077014 -0.13944617930768427 0.22493030444429493 0.5244140084852382 0.4531084904131488 -0.26040751434051695 0.01149986144586034 -0.6530947206891834 0.194580196407888 -0.6204377295408047 0.12227727122110231 -0.48362569656669496 -0.12699634897594617 -0.5227602990170587 -0.26636348377315017 0.16702068721394142 -0.2864430218436714 -0.4526394253377726 0.11681101856944474
0.5966985750159624 -1.7757329375547684 1.6121674124525818 -0.7488978882195384 -0.5992731553961386 -1.310885917969799 -0.3793753556746722 1.6294787184690684 0.6088440074087987 1.758275375152882 -0.07041321322622063 -1.8341753764004667 1.4306058313546448 0.2176259876767121 0.2735556364986386 1.1356194143903158 1.4876848797531392 0.28356827164365106 -2.291937034635817 1.5506730809095817 0.9245948416805609 -1.5010040990997664 0.29746341970033074 -2.7451815149568155 -1.3591846743727656 -0.3740677804816028 -0.4300170237838905 0.26189296199276313 -1.5266771174845848 -1.3495729638326297 1.3828906802692345 1.4536839562419215 -1.2598245420354557 -0.6935535776447163 -0.09390094288554655 -1.120404458648111 -0.5418256393572743 0.23692860515513445 0.3832182582852759 -1.6505101540262501
-0.3016238346045359 -0.062297452074141696 -0.02286513629360349 0.07770874922090121 -0.15784823462720116 -0.040042009264704324 -0.1129020856959163 -0.19138083517233467 -0.42743757932375415 -0.25498067378259265 0.014008444743896328 0.0264237081869237 0.12147471595836831 0.007952229422372767 -0.03628752561364995 0.09257942098636895 0.08345110599998622 0.0764034450614188 -0.017140177569998447 -0.206623688779118 -0.21316866731666578 -0.18961109892832934 -0.0031322132336206324 -0.12484695192808196 -0.22439849469820475 0.07583785311982616 0.02886110405064914 0.04380987001563041 0.1883209436558896 -0.02343216633065907 -0.31554615862287 -0.33716548309264294 0.2604675736184589 -0.04022686559880187 -0.2561077268111459 -0.13464690922727743 -0.0534192077604386 -0.24872165179796088 -0.0932206960028209 0.13202238350587148

2
-0.9537975485057448 -3.9090507599983737 4.9241540497370675 -1.5018339426879155 3.2373792050151073 -0.42170623545458447 3.374460346475355 1.9013248302281605 5.161526513078565 -2.0529646279647458 4.694557106159944 -0.00747325992322677 3.725058783019303 0.14516646973812028 -4.698754765298765 2.69733286811367 -2.1487563422587046 -4.769683952450855 0.4638695525182375 -3.496701052551504 -0.4387555943395076
0.9505431714297948 3.9099083650498887 -4.922558138062893 1.503384494583686 -3.2170167013986455 0.3493123079113678 -3.378517427668142 -1.8901844637473035 -5.1611438652524155 2.0472587989958484 -4.689413303255245 -0.027753341829879367 -3.723573667774675 -0.17201707267677177 4.6990866860396086 -2.6916682568317642 2.1560085124374333 4.769652710326465 -0.5336732881105378 3.499595666374374 0.49951130332059507
